1722202365840 0.9991596341133118 0
1722202385699 0.9995113611221313 1
1722202409578 0.9996506571769714 2
1722202434852 0.9996972680091858 3
1722202458379 0.999731183052063 4
1722202485115 0.9997463226318359 5
1722202507974 0.999759316444397 6
1722202530802 0.9997457265853882 7
1722202555088 0.9997753500938416 8
1722202574656 0.9997783899307251 9
1722202594422 0.9997977614402771 10
1722202619058 0.9997835755348206 11
1722202648743 0.999782919883728 12
1722202677264 0.9998068809509277 13
1722202706633 0.9998032450675964 14
1722202729789 0.9997889995574951 15
1722202750556 0.9997996091842651 16
1722202770847 0.999808669090271 17
1722202793067 0.999810516834259 18
1722202813834 0.9998156428337097 19
1722202836312 0.9998059272766113 20
1722202860403 0.9998134970664978 21
1722202885109 0.9998117089271545 22
1722202913020 0.9998180866241455 23
1722202934072 0.9998165369033813 24
1722202957352 0.9998289346694946 25
1722202982113 0.9998198747634888 26
1722203004952 0.999819278717041 27
1722203027790 0.9998274445533752 28
1722203051534 0.9998241066932678 29
1722203076966 0.9998292326927185 30
1722203104808 0.9998356103897095 31
1722203129912 0.9998362064361572 32
