1722202365840 0.875826358795166 0
1722202385699 0.9732227921485901 1
1722202409578 0.9742153882980347 2
1722202434852 0.976823627948761 3
1722202458379 0.9770092964172363 4
1722202485115 0.977532148361206 5
1722202507974 0.9838157296180725 6
1722202530802 0.9861847758293152 7
1722202555088 0.9892869591712952 8
1722202574656 0.9903138279914856 9
1722202594422 0.9913368225097656 10
1722202619058 0.9911560416221619 11
1722202648743 0.9918322563171387 12
1722202677264 0.9935848116874695 13
1722202706633 0.9925410151481628 14
1722202729789 0.9916796088218689 15
1722202750556 0.9939143657684326 16
1722202770847 0.9937532544136047 17
1722202793067 0.993055522441864 18
1722202813834 0.9937655925750732 19
1722202836312 0.9928937554359436 20
1722202860403 0.9939152598381042 21
1722202885109 0.9944393634796143 22
1722202913020 0.9942810535430908 23
1722202934072 0.993593692779541 24
1722202957352 0.9946197867393494 25
1722202982113 0.9942818880081177 26
1722203004952 0.9939418435096741 27
1722203027790 0.9934226274490356 28
1722203051534 0.9944475293159485 29
1722203076966 0.9954796433448792 30
1722203104808 0.9935996532440186 31
1722203129912 0.9944494962692261 32
