1722202365840 0.0007449075928889215 0
1722202385699 0.0003897151618730277 1
1722202409578 0.0002767938422039151 2
1722202434852 0.00024371370091103017 3
1722202458379 0.00021796103101223707 4
1722202485115 0.00020317171583883464 5
1722202507974 0.00019271482597105205 6
1722202530802 0.00020532391499727964 7
1722202555088 0.0001798422308638692 8
1722202574656 0.00017798288899939507 9
1722202594422 0.00016338209388777614 10
1722202619058 0.00017306207155343145 11
1722202648743 0.00017338129691779613 12
1722202677264 0.00015556899597868323 13
1722202706633 0.00015335340867750347 14
1722202729789 0.0001671287027420476 15
1722202750556 0.00015850474301259965 16
1722202770847 0.00015105298371054232 17
1722202793067 0.00015506596537306905 18
1722202813834 0.00014811947767157108 19
1722202836312 0.0001534445909783244 20
1722202860403 0.00014699228631798178 21
1722202885109 0.00014993050717748702 22
1722202913020 0.00014543889847118407 23
1722202934072 0.00014638039283454418 24
1722202957352 0.00013959953503217548 25
1722202982113 0.0001426881062798202 26
1722203004952 0.00014382688095793128 27
1722203027790 0.00013959856005385518 28
1722203051534 0.00013952419976703823 29
1722203076966 0.00013673622743226588 30
1722203104808 0.00013578042853623629 31
1722203129912 0.000131562992464751 32
