1722202365840 2431.0 0
1722202385699 1180.0 1
1722202409578 819.0 2
1722202434852 718.0 3
1722202458379 624.0 4
1722202485115 588.0 5
1722202507974 550.0 6
1722202530802 589.0 7
1722202555088 515.0 8
1722202574656 517.0 9
1722202594422 458.0 10
1722202619058 500.0 11
1722202648743 498.0 12
1722202677264 450.0 13
1722202706633 452.0 14
1722202729789 496.0 15
1722202750556 481.0 16
1722202770847 450.0 17
1722202793067 443.0 18
1722202813834 433.0 19
1722202836312 458.0 20
1722202860403 436.0 21
1722202885109 447.0 22
1722202913020 438.0 23
1722202934072 437.0 24
1722202957352 399.0 25
1722202982113 428.0 26
1722203004952 421.0 27
1722203027790 411.0 28
1722203051534 425.0 29
1722203076966 412.0 30
1722203104808 395.0 31
1722203129912 395.0 32
