1722202365840 345.0 0
1722202385699 434.0 1
1722202409578 335.0 2
1722202434852 282.0 3
1722202458379 264.0 4
1722202485115 250.0 5
1722202507974 245.0 6
1722202530802 251.0 7
1722202555088 227.0 8
1722202574656 215.0 9
1722202594422 210.0 10
1722202619058 215.0 11
1722202648743 219.0 12
1722202677264 188.0 13
1722202706633 198.0 14
1722202729789 201.0 15
1722202750556 181.0 16
1722202770847 182.0 17
1722202793067 183.0 18
1722202813834 176.0 19
1722202836312 183.0 20
1722202860403 180.0 21
1722202885109 175.0 22
1722202913020 163.0 23
1722202934072 169.0 24
1722202957352 166.0 25
1722202982113 167.0 26
1722203004952 176.0 27
1722203027790 159.0 28
1722203051534 156.0 29
1722203076966 152.0 30
1722203104808 148.0 31
1722203129912 146.0 32
