1722202365840 0.003754144301638007 0
1722202385699 0.0016902476781979203 1
1722202409578 0.0012879767455160618 2
1722202434852 0.0011799124768003821 3
1722202458379 0.0010555534390732646 4
1722202485115 0.0009811902418732643 5
1722202507974 0.0009253715397790074 6
1722202530802 0.0009567943634465337 7
1722202555088 0.0008437040378339589 8
1722202574656 0.0008347662515006959 9
1722202594422 0.0007725921459496021 10
1722202619058 0.0008000366506166756 11
1722202648743 0.0008006087155081332 12
1722202677264 0.0007374695269390941 13
1722202706633 0.000714186520781368 14
1722202729789 0.0007914911839179695 15
1722202750556 0.0007501210202462971 16
1722202770847 0.0007157814688980579 17
1722202793067 0.0007342608296312392 18
1722202813834 0.000699853990226984 19
1722202836312 0.0007203216664493084 20
1722202860403 0.0007037018076516688 21
1722202885109 0.0007198345847427845 22
1722202913020 0.0006761856493540108 23
1722202934072 0.0006964508793316782 24
1722202957352 0.0006813882500864565 25
1722202982113 0.000685092294588685 26
1722203004952 0.0006946222274564207 27
1722203027790 0.0006625184905715287 28
1722203051534 0.000680366181768477 29
1722203076966 0.0006594979204237461 30
1722203104808 0.0006493739201687276 31
1722203129912 0.000646864646114409 32
