1722202365840 0.26371070742607117 0
1722202385699 0.747001051902771 1
1722202409578 0.8345853686332703 2
1722202434852 0.8562432527542114 3
1722202458379 0.8730982542037964 4
1722202485115 0.8818364143371582 5
1722202507974 0.8886865973472595 6
1722202530802 0.884846568107605 7
1722202555088 0.900623619556427 8
1722202574656 0.9033591747283936 9
1722202594422 0.9112339019775391 10
1722202619058 0.9068918228149414 11
1722202648743 0.9065669775009155 12
1722202677264 0.915442943572998 13
1722202706633 0.9187544584274292 14
1722202729789 0.9098164439201355 15
1722202750556 0.9131778478622437 16
1722202770847 0.9219166040420532 17
1722202793067 0.9181711673736572 18
1722202813834 0.9214246273040771 19
1722202836312 0.9196394681930542 20
1722202860403 0.9216891527175903 21
1722202885109 0.9221259355545044 22
1722202913020 0.9294794797897339 23
1722202934072 0.9260238409042358 24
1722202957352 0.9257953763008118 25
1722202982113 0.9268375039100647 26
1722203004952 0.923928439617157 27
1722203027790 0.9302801489830017 28
1722203051534 0.9282804727554321 29
1722203076966 0.9301544427871704 30
1722203104808 0.932366132736206 31
1722203129912 0.9294408559799194 32
