1722202365840 0.5756457448005676 0
1722202385699 0.798420786857605 1
1722202409578 0.8612836599349976 2
1722202434852 0.8855054974555969 3
1722202458379 0.8960220813751221 4
1722202485115 0.9023818969726562 5
1722202507974 0.9055512547492981 6
1722202530802 0.9019914269447327 7
1722202555088 0.9130601286888123 8
1722202574656 0.917212188243866 9
1722202594422 0.920784592628479 10
1722202619058 0.9177505970001221 11
1722202648743 0.9164122343063354 12
1722202677264 0.9287068843841553 13
1722202706633 0.9251417517662048 14
1722202729789 0.9228110313415527 15
1722202750556 0.930357813835144 16
1722202770847 0.9308247566223145 17
1722202793067 0.9306555390357971 18
1722202813834 0.9333838224411011 19
1722202836312 0.9302591681480408 20
1722202860403 0.9318955540657043 21
1722202885109 0.9333840608596802 22
1722202913020 0.9378811120986938 23
1722202934072 0.9357658624649048 24
1722202957352 0.9377344250679016 25
1722202982113 0.9366944432258606 26
1722203004952 0.9336850047111511 27
1722203027790 0.9399319887161255 28
1722203051534 0.94068443775177 29
1722203076966 0.9424024224281311 30
1722203104808 0.9441930651664734 31
1722203129912 0.9449056386947632 32
