1722202365840 0.16143497824668884 0
1722202385699 0.5929630994796753 1
1722202409578 0.7174887657165527 2
1722202434852 0.7523283958435059 3
1722202458379 0.7847533822059631 4
1722202485115 0.797171413898468 5
1722202507974 0.8102794289588928 6
1722202530802 0.7968264818191528 7
1722202555088 0.8223525285720825 8
1722202574656 0.8216626644134521 9
1722202594422 0.842014491558075 10
1722202619058 0.8275267481803894 11
1722202648743 0.8282166123390198 12
1722202677264 0.844774067401886 13
1722202706633 0.8440841436386108 14
1722202729789 0.8289065361022949 15
1722202750556 0.834080696105957 16
1722202770847 0.844774067401886 17
1722202793067 0.8471887111663818 18
1722202813834 0.8506381511688232 19
1722202836312 0.842014491558075 20
1722202860403 0.8496032953262329 21
1722202885109 0.8458089232444763 22
1722202913020 0.8489134311676025 23
1722202934072 0.8492583632469177 24
1722202957352 0.8623663187026978 25
1722202982113 0.852362871170044 26
1722203004952 0.8547775149345398 27
1722203027790 0.8582269549369812 28
1722203051534 0.8533977270126343 29
1722203076966 0.857882022857666 30
1722203104808 0.8637461066246033 31
1722203129912 0.8637461066246033 32
