1722202365840 3300003.0 0
1722202385699 3299914.0 1
1722202409578 3300013.0 2
1722202434852 3300066.0 3
1722202458379 3300084.0 4
1722202485115 3300098.0 5
1722202507974 3300103.0 6
1722202530802 3300097.0 7
1722202555088 3300121.0 8
1722202574656 3300133.0 9
1722202594422 3300138.0 10
1722202619058 3300133.0 11
1722202648743 3300129.0 12
1722202677264 3300160.0 13
1722202706633 3300150.0 14
1722202729789 3300147.0 15
1722202750556 3300167.0 16
1722202770847 3300166.0 17
1722202793067 3300165.0 18
1722202813834 3300172.0 19
1722202836312 3300165.0 20
1722202860403 3300168.0 21
1722202885109 3300173.0 22
1722202913020 3300185.0 23
1722202934072 3300179.0 24
1722202957352 3300182.0 25
1722202982113 3300181.0 26
1722203004952 3300172.0 27
1722203027790 3300189.0 28
1722203051534 3300192.0 29
1722203076966 3300196.0 30
1722203104808 3300200.0 31
1722203129912 3300202.0 32
