1722202365840 468.0 0
1722202385699 1719.0 1
1722202409578 2080.0 2
1722202434852 2181.0 3
1722202458379 2275.0 4
1722202485115 2311.0 5
1722202507974 2349.0 6
1722202530802 2310.0 7
1722202555088 2384.0 8
1722202574656 2382.0 9
1722202594422 2441.0 10
1722202619058 2399.0 11
1722202648743 2401.0 12
1722202677264 2449.0 13
1722202706633 2447.0 14
1722202729789 2403.0 15
1722202750556 2418.0 16
1722202770847 2449.0 17
1722202793067 2456.0 18
1722202813834 2466.0 19
1722202836312 2441.0 20
1722202860403 2463.0 21
1722202885109 2452.0 22
1722202913020 2461.0 23
1722202934072 2462.0 24
1722202957352 2500.0 25
1722202982113 2471.0 26
1722203004952 2478.0 27
1722203027790 2488.0 28
1722203051534 2474.0 29
1722203076966 2487.0 30
1722203104808 2504.0 31
1722203129912 2504.0 32
