1715368497238 0.9991746544837952 0
1715368506165 0.9990963339805603 1
1715368515128 0.9990848302841187 2
1715368524117 0.9990742206573486 3
1715368532953 0.9990851283073425 4
1715368541628 0.9990984797477722 5
1715368550358 0.9990836381912231 6
1715368559180 0.9991108775138855 7
1715368567892 0.9991145133972168 8
1715368576666 0.9991275072097778 9
1715368585596 0.9991366267204285 10
1715368594276 0.9991453886032104 11
1715368603090 0.9991505146026611 12
1715368611934 0.9991665482521057 13
1715368620674 0.9991644620895386 14
1715368629407 0.9991780519485474 15
1715368638249 0.9991738200187683 16
1715368647143 0.9991980791091919 17
1715368656002 0.9991953372955322 18
1715368664645 0.9992147088050842 19
1715368673456 0.9992222785949707 20
1715368682417 0.9992298483848572 21
1715368691183 0.9992631673812866 22
1715368699976 0.9992271065711975 23
1715368708828 0.9992640614509583 24
1715368717838 0.9992691874504089 25
1715368727096 0.9992404580116272 26
1715368736361 0.9992567896842957 27
1715368745553 0.9992676973342896 28
1715368754431 0.999279797077179 29
1715368763190 0.9992831349372864 30
1715368772014 0.9992661476135254 31
1715368780969 0.9992767572402954 32
1715368789851 0.9992898106575012 33
1715368799057 0.9992918968200684 34
1715368808368 0.9992888569831848 35
1715368817594 0.9993076324462891 36
1715368826749 0.9993055462837219 37
1715368835702 0.9992997646331787 38
1715368844752 0.9992961287498474 39
1715368853816 0.9992855787277222 40
1715368862578 0.9993000626564026 41
1715368871612 0.9993173480033875 42
1715368880562 0.9993064403533936 43
1715368889534 0.999318540096283 44
1715368898587 0.9993345737457275 45
1715368907677 0.9993270039558411 46
1715368916401 0.9993348717689514 47
1715368925431 0.9993243217468262 48
1715368934258 0.9993491172790527 49
1715368943281 0.9992955327033997 50
1715368952188 0.999337911605835 51
