1715368497238 0.7930958271026611 0
1715368506165 0.8763941526412964 1
1715368515128 0.9310821294784546 2
1715368524117 0.9501641392707825 3
1715368532953 0.9632830023765564 4
1715368541628 0.971727192401886 5
1715368550358 0.9750126600265503 6
1715368559180 0.9766692519187927 7
1715368567892 0.9766517877578735 8
1715368576666 0.9773249626159668 9
1715368585596 0.9780824780464172 10
1715368594276 0.9772824645042419 11
1715368603090 0.9771404266357422 12
1715368611934 0.9759745001792908 13
1715368620674 0.9765699505805969 14
1715368629407 0.9774676561355591 15
1715368638249 0.9780315160751343 16
1715368647143 0.9776939749717712 17
1715368656002 0.9768766164779663 18
1715368664645 0.9782992005348206 19
1715368673456 0.9776296019554138 20
1715368682417 0.9792385101318359 21
1715368691183 0.9779298305511475 22
1715368699976 0.977200448513031 23
1715368708828 0.9769006371498108 24
1715368717838 0.9777579307556152 25
1715368727096 0.9786397814750671 26
1715368736361 0.978136420249939 27
1715368745553 0.9765899777412415 28
1715368754431 0.9747324585914612 29
1715368763190 0.9790920615196228 30
1715368772014 0.9773451089859009 31
1715368780969 0.9775535464286804 32
1715368789851 0.9782641530036926 33
1715368799057 0.9770415425300598 34
1715368808368 0.976715087890625 35
1715368817594 0.9758543968200684 36
1715368826749 0.9770755767822266 37
1715368835702 0.9788101315498352 38
1715368844752 0.9767494201660156 39
1715368853816 0.9756962060928345 40
1715368862578 0.9786530137062073 41
1715368871612 0.9779738187789917 42
1715368880562 0.9755635857582092 43
1715368889534 0.9772884845733643 44
1715368898587 0.9788589477539062 45
1715368907677 0.9767912030220032 46
1715368916401 0.9778436422348022 47
1715368925431 0.9764431715011597 48
1715368934258 0.9759495854377747 49
1715368943281 0.9762611985206604 50
1715368952188 0.9773332476615906 51
