1715368497238 0.0007451293640770018 0
1715368506165 0.0008605537586845458 1
1715368515128 0.0008244198397733271 2
1715368524117 0.0008022211259230971 3
1715368532953 0.0007695058593526483 4
1715368541628 0.0007393780979327857 5
1715368550358 0.0007373330881819129 6
1715368559180 0.0007052801665849984 7
1715368567892 0.0007012689020484686 8
1715368576666 0.000679821299854666 9
1715368585596 0.0006707704160362482 10
1715368594276 0.0006607935065403581 11
1715368603090 0.000654097180813551 12
1715368611934 0.0006446861661970615 13
1715368620674 0.0006415262469090521 14
1715368629407 0.0006274980842135847 15
1715368638249 0.0006245441036298871 16
1715368647143 0.0006126416265033185 17
1715368656002 0.0006093234987929463 18
1715368664645 0.0005965069285593927 19
1715368673456 0.0005883639096282423 20
1715368682417 0.0005807247362099588 21
1715368691183 0.0005541795981116593 22
1715368699976 0.0005854413029737771 23
1715368708828 0.000559880631044507 24
1715368717838 0.0005663512856699526 25
1715368727096 0.0005765479290857911 26
1715368736361 0.000561909400857985 27
1715368745553 0.0005577299161814153 28
1715368754431 0.0005480079562403262 29
1715368763190 0.0005402591195888817 30
1715368772014 0.0005567294429056346 31
1715368780969 0.0005411601741798222 32
1715368789851 0.0005362653755582869 33
1715368799057 0.0005408705328591168 34
1715368808368 0.0005393565515987575 35
1715368817594 0.0005277824238874018 36
1715368826749 0.0005303709767758846 37
1715368835702 0.0005310881533659995 38
1715368844752 0.00053318653954193 39
1715368853816 0.0005390525329858065 40
1715368862578 0.0005279842298477888 41
1715368871612 0.0005207775975577533 42
1715368880562 0.0005225019995123148 43
1715368889534 0.0005166218616068363 44
1715368898587 0.0005067448946647346 45
1715368907677 0.000511295220348984 46
1715368916401 0.0005042683915235102 47
1715368925431 0.0005174465477466583 48
1715368934258 0.0004979189834557474 49
1715368943281 0.0005302540957927704 50
1715368952188 0.000501679431181401 51
