1715368497238 3541.0 0
1715368506165 2884.0 1
1715368515128 2814.0 2
1715368524117 2768.0 3
1715368532953 2666.0 4
1715368541628 2589.0 5
1715368550358 2569.0 6
1715368559180 2485.0 7
1715368567892 2452.0 8
1715368576666 2418.0 9
1715368585596 2366.0 10
1715368594276 2319.0 11
1715368603090 2299.0 12
1715368611934 2273.0 13
1715368620674 2262.0 14
1715368629407 2213.0 15
1715368638249 2190.0 16
1715368647143 2166.0 17
1715368656002 2142.0 18
1715368664645 2095.0 19
1715368673456 2075.0 20
1715368682417 2025.0 21
1715368691183 1939.0 22
1715368699976 2011.0 23
1715368708828 1915.0 24
1715368717838 1922.0 25
1715368727096 1962.0 26
1715368736361 1924.0 27
1715368745553 1911.0 28
1715368754431 1842.0 29
1715368763190 1813.0 30
1715368772014 1878.0 31
1715368780969 1825.0 32
1715368789851 1780.0 33
1715368799057 1776.0 34
1715368808368 1782.0 35
1715368817594 1748.0 36
1715368826749 1738.0 37
1715368835702 1743.0 38
1715368844752 1756.0 39
1715368853816 1756.0 40
1715368862578 1717.0 41
1715368871612 1683.0 42
1715368880562 1725.0 43
1715368889534 1675.0 44
1715368898587 1646.0 45
1715368907677 1668.0 46
1715368916401 1638.0 47
1715368925431 1666.0 48
1715368934258 1607.0 49
1715368943281 1721.0 50
1715368952188 1612.0 51
