1715368497238 94.0 0
1715368506165 101.0 1
1715368515128 209.0 2
1715368524117 290.0 3
1715368532953 356.0 4
1715368541628 389.0 5
1715368550358 458.0 6
1715368559180 452.0 7
1715368567892 473.0 8
1715368576666 464.0 9
1715368585596 486.0 10
1715368594276 504.0 11
1715368603090 507.0 12
1715368611934 480.0 13
1715368620674 498.0 14
1715368629407 502.0 15
1715368638249 539.0 16
1715368647143 483.0 17
1715368656002 516.0 18
1715368664645 499.0 19
1715368673456 494.0 20
1715368682417 519.0 21
1715368691183 495.0 22
1715368699976 542.0 23
1715368708828 516.0 24
1715368717838 492.0 25
1715368727096 547.0 26
1715368736361 531.0 27
1715368745553 508.0 28
1715368754431 537.0 29
1715368763190 555.0 30
1715368772014 546.0 31
1715368780969 564.0 32
1715368789851 566.0 33
1715368799057 563.0 34
1715368808368 567.0 35
1715368817594 539.0 36
1715368826749 556.0 37
1715368835702 570.0 38
1715368844752 569.0 39
1715368853816 604.0 40
1715368862578 595.0 41
1715368871612 572.0 42
1715368880562 566.0 43
1715368889534 576.0 44
1715368898587 552.0 45
1715368907677 555.0 46
1715368916401 559.0 47
1715368925431 566.0 48
1715368934258 543.0 49
1715368943281 606.0 50
1715368952188 575.0 51
