1715368497238 0.005722664296627045 0
1715368506165 0.004553837236016989 1
1715368515128 0.003902056021615863 2
1715368524117 0.0035971368197351694 3
1715368532953 0.003341290634125471 4
1715368541628 0.003149739932268858 5
1715368550358 0.0030420769471675158 6
1715368559180 0.0029115527868270874 7
1715368567892 0.0028780174907296896 8
1715368576666 0.0027699589263647795 9
1715368585596 0.002737366361543536 10
1715368594276 0.0027007164899259806 11
1715368603090 0.0026855033356696367 12
1715368611934 0.002624654211103916 13
1715368620674 0.0026000842917710543 14
1715368629407 0.0025293561629951 15
1715368638249 0.002533650491386652 16
1715368647143 0.002511820290237665 17
1715368656002 0.0024713415186852217 18
1715368664645 0.0024139389861375093 19
1715368673456 0.002384910825639963 20
1715368682417 0.0023689561057835817 21
1715368691183 0.0022692701313644648 22
1715368699976 0.0023782961070537567 23
1715368708828 0.002291206968948245 24
1715368717838 0.002328332280740142 25
1715368727096 0.0023378508631139994 26
1715368736361 0.002305106958374381 27
1715368745553 0.002314252546057105 28
1715368754431 0.002249513752758503 29
1715368763190 0.0021874902304261923 30
1715368772014 0.00224259658716619 31
1715368780969 0.002209665486589074 32
1715368789851 0.0021792149636894464 33
1715368799057 0.0022165412083268166 34
1715368808368 0.0022076794411987066 35
1715368817594 0.00217038975097239 36
1715368826749 0.0021840401459485292 37
1715368835702 0.002164185745641589 38
1715368844752 0.002201563911512494 39
1715368853816 0.0022141854278743267 40
1715368862578 0.0021600225009024143 41
1715368871612 0.0021265067625790834 42
1715368880562 0.0021631314884871244 43
1715368889534 0.002135743387043476 44
1715368898587 0.0020872834138572216 45
1715368907677 0.0021018083207309246 46
1715368916401 0.002080806763842702 47
1715368925431 0.002147842664271593 48
1715368934258 0.0020888801664114 49
1715368943281 0.00219724141061306 50
1715368952188 0.0020750851836055517 51
