1715368497238 0.2295435070991516 0
1715368506165 0.06028905510902405 1
1715368515128 0.1315138041973114 2
1715368524117 0.1777234971523285 3
1715368532953 0.23009899258613586 4
1715368541628 0.2773418724536896 5
1715368550358 0.29048871994018555 6
1715368559180 0.3325137794017792 7
1715368567892 0.34111061692237854 8
1715368576666 0.36789119243621826 9
1715368585596 0.38546955585479736 10
1715368594276 0.39632028341293335 11
1715368603090 0.4127911925315857 12
1715368611934 0.4192821979522705 13
1715368620674 0.42403095960617065 14
1715368629407 0.44432228803634644 15
1715368638249 0.4430990219116211 16
1715368647143 0.4595748782157898 17
1715368656002 0.4636995792388916 18
1715368664645 0.4832301735877991 19
1715368673456 0.48998984694480896 20
1715368682417 0.5027962923049927 21
1715368691183 0.5326146483421326 22
1715368699976 0.4987712800502777 23
1715368708828 0.5217695832252502 24
1715368717838 0.5216638445854187 25
1715368727096 0.5052441954612732 26
1715368736361 0.5196582674980164 27
1715368745553 0.5287639498710632 28
1715368754431 0.5355368852615356 29
1715368763190 0.5524812340736389 30
1715368772014 0.5326938629150391 31
1715368780969 0.5469473004341125 32
1715368789851 0.5600876212120056 33
1715368799057 0.5485408306121826 34
1715368808368 0.5531885027885437 35
1715368817594 0.55779629945755 36
1715368826749 0.565072238445282 37
1715368835702 0.5593138933181763 38
1715368844752 0.555390477180481 39
1715368853816 0.5493861436843872 40
1715368862578 0.5637982487678528 41
1715368871612 0.5713884830474854 42
1715368880562 0.5614375472068787 43
1715368889534 0.5712721943855286 44
1715368898587 0.5887930393218994 45
1715368907677 0.5768743753433228 46
1715368916401 0.5873180627822876 47
1715368925431 0.5740671753883362 48
1715368934258 0.5969367027282715 49
1715368943281 0.561164140701294 50
1715368952188 0.5932588577270508 51
