1715368497238 0.7756563425064087 0
1715368506165 0.12931033968925476 1
1715368515128 0.28911563754081726 2
1715368524117 0.31116390228271484 3
1715368532953 0.3955857455730438 4
1715368541628 0.4434907138347626 5
1715368550358 0.41878172755241394 6
1715368559180 0.4780600368976593 7
1715368567892 0.48586955666542053 8
1715368576666 0.5089946985244751 9
1715368585596 0.5230618119239807 10
1715368594276 0.5350553393363953 11
1715368603090 0.5420054197311401 12
1715368611934 0.5660036206245422 13
1715368620674 0.5612334609031677 14
1715368629407 0.5774410963058472 15
1715368638249 0.5681089758872986 16
1715368647143 0.6027960777282715 17
1715368656002 0.5946583151817322 18
1715368664645 0.6170375943183899 19
1715368673456 0.6251896619796753 20
1715368682417 0.6274228096008301 21
1715368691183 0.6597937941551208 22
1715368699976 0.6209790110588074 23
1715368708828 0.656000018119812 24
1715368717838 0.6650782823562622 25
1715368727096 0.6314015984535217 26
1715368736361 0.6474103331565857 27
1715368745553 0.6604278087615967 28
1715368754431 0.663111686706543 29
1715368763190 0.6617915630340576 30
1715368772014 0.6515635251998901 31
1715368780969 0.6556776762008667 32
1715368789851 0.6640949845314026 33
1715368799057 0.6660735607147217 34
1715368808368 0.6633016467094421 35
1715368817594 0.6810650825500488 36
1715368826749 0.6761794090270996 37
1715368835702 0.6697566509246826 38
1715368844752 0.667640209197998 39
1715368853816 0.6542644500732422 40
1715368862578 0.6651660203933716 41
1715368871612 0.6800894737243652 42
1715368880562 0.6747126579284668 43
1715368889534 0.6800000071525574 44
1715368898587 0.694182813167572 45
1715368907677 0.6892496943473816 46
1715368916401 0.6928571462631226 47
1715368925431 0.685380756855011 48
1715368934258 0.7040871977806091 49
1715368943281 0.6603139042854309 50
1715368952188 0.6911922693252563 51
