1715368497238 0.08406621962785721 0
1715368506165 0.005174198187887669 1
1715368515128 0.029320456087589264 2
1715368524117 0.045187994837760925 3
1715368532953 0.08037254214286804 4
1715368541628 0.10693342238664627 5
1715368550358 0.11383235454559326 6
1715368559180 0.14280787110328674 7
1715368567892 0.15419110655784607 8
1715368576666 0.16591928899288177 9
1715368585596 0.18385650217533112 10
1715368594276 0.20006899535655975 11
1715368603090 0.20696792006492615 12
1715368611934 0.21593652665615082 13
1715368620674 0.219730943441391 14
1715368629407 0.2366333156824112 15
1715368638249 0.24456709623336792 16
1715368647143 0.252845823764801 17
1715368656002 0.26112452149391174 18
1715368664645 0.2773370146751404 19
1715368673456 0.28423595428466797 20
1715368682417 0.30148327350616455 21
1715368691183 0.3311486840248108 22
1715368699976 0.30631253123283386 23
1715368708828 0.3394273817539215 24
1715368717838 0.33701276779174805 25
1715368727096 0.32321488857269287 26
1715368736361 0.3363228738307953 27
1715368745553 0.340807169675827 28
1715368754431 0.364608496427536 29
1715368763190 0.3746119439601898 30
1715368772014 0.35219040513038635 31
1715368780969 0.37047258019447327 32
1715368789851 0.38599517941474915 33
1715368799057 0.38737496733665466 34
1715368808368 0.3853052854537964 35
1715368817594 0.3970334529876709 36
1715368826749 0.4004829227924347 37
1715368835702 0.398758202791214 38
1715368844752 0.39427387714385986 39
1715368853816 0.39427387714385986 40
1715368862578 0.40772679448127747 41
1715368871612 0.41945499181747437 42
1715368880562 0.40496721863746643 43
1715368889534 0.4222145676612854 44
1715368898587 0.4322180151939392 45
1715368907677 0.42462918162345886 46
1715368916401 0.43497759103775024 47
1715368925431 0.4253190755844116 48
1715368934258 0.4456709325313568 49
1715368943281 0.40634700655937195 50
1715368952188 0.4439461827278137 51
