1715368497238 4400370.0 0
1715368506165 3300247.0 1
1715368515128 3300139.0 2
1715368524117 3300058.0 3
1715368532953 3299992.0 4
1715368541628 3299959.0 5
1715368550358 3299890.0 6
1715368559180 3299896.0 7
1715368567892 3299875.0 8
1715368576666 3299884.0 9
1715368585596 3299862.0 10
1715368594276 3299844.0 11
1715368603090 3299841.0 12
1715368611934 3299868.0 13
1715368620674 3299850.0 14
1715368629407 3299846.0 15
1715368638249 3299809.0 16
1715368647143 3299865.0 17
1715368656002 3299832.0 18
1715368664645 3299849.0 19
1715368673456 3299854.0 20
1715368682417 3299829.0 21
1715368691183 3299853.0 22
1715368699976 3299806.0 23
1715368708828 3299832.0 24
1715368717838 3299856.0 25
1715368727096 3299801.0 26
1715368736361 3299817.0 27
1715368745553 3299840.0 28
1715368754431 3299811.0 29
1715368763190 3299793.0 30
1715368772014 3299802.0 31
1715368780969 3299784.0 32
1715368789851 3299782.0 33
1715368799057 3299785.0 34
1715368808368 3299781.0 35
1715368817594 3299809.0 36
1715368826749 3299792.0 37
1715368835702 3299778.0 38
1715368844752 3299779.0 39
1715368853816 3299744.0 40
1715368862578 3299753.0 41
1715368871612 3299776.0 42
1715368880562 3299782.0 43
1715368889534 3299772.0 44
1715368898587 3299796.0 45
1715368907677 3299793.0 46
1715368916401 3299789.0 47
1715368925431 3299782.0 48
1715368934258 3299805.0 49
1715368943281 3299742.0 50
1715368952188 3299773.0 51
