1715368497238 325.0 0
1715368506165 15.0 1
1715368515128 85.0 2
1715368524117 131.0 3
1715368532953 233.0 4
1715368541628 310.0 5
1715368550358 330.0 6
1715368559180 414.0 7
1715368567892 447.0 8
1715368576666 481.0 9
1715368585596 533.0 10
1715368594276 580.0 11
1715368603090 600.0 12
1715368611934 626.0 13
1715368620674 637.0 14
1715368629407 686.0 15
1715368638249 709.0 16
1715368647143 733.0 17
1715368656002 757.0 18
1715368664645 804.0 19
1715368673456 824.0 20
1715368682417 874.0 21
1715368691183 960.0 22
1715368699976 888.0 23
1715368708828 984.0 24
1715368717838 977.0 25
1715368727096 937.0 26
1715368736361 975.0 27
1715368745553 988.0 28
1715368754431 1057.0 29
1715368763190 1086.0 30
1715368772014 1021.0 31
1715368780969 1074.0 32
1715368789851 1119.0 33
1715368799057 1123.0 34
1715368808368 1117.0 35
1715368817594 1151.0 36
1715368826749 1161.0 37
1715368835702 1156.0 38
1715368844752 1143.0 39
1715368853816 1143.0 40
1715368862578 1182.0 41
1715368871612 1216.0 42
1715368880562 1174.0 43
1715368889534 1224.0 44
1715368898587 1253.0 45
1715368907677 1231.0 46
1715368916401 1261.0 47
1715368925431 1233.0 48
1715368934258 1292.0 49
1715368943281 1178.0 50
1715368952188 1287.0 51
