1715344789215 0.9144137501716614 0
1715344798775 0.9899489879608154 1
1715344808694 0.9981003403663635 2
1715344818191 0.9991223812103271 3
1715344827728 0.9991223812103271 4
1715344837691 0.9991223812103271 5
1715344847286 0.9991223812103271 6
1715344856626 0.9991214871406555 7
1715344866654 0.9991220831871033 8
1715344875528 0.9991263151168823 9
1715344885179 0.9991390109062195 10
1715344894692 0.9991487264633179 11
1715344904496 0.999150812625885 12
1715344914152 0.999150812625885 13
1715344922994 0.999150812625885 14
1715344933828 0.9991487264633179 15
1715344942691 0.999159038066864 16
1715344951583 0.9991635680198669 17
1715344960419 0.9991602301597595 18
1715344969263 0.9991810917854309 19
1715344978130 0.9991774559020996 20
1715344988521 0.9991777539253235 21
1715344997471 0.9991726279258728 22
1715345006429 0.9991841316223145 23
1715345015484 0.999178409576416 24
1715345024285 0.9991883635520935 25
1715345034035 0.999189555644989 26
1715345043144 0.9991908073425293 27
1715345052347 0.9991880655288696 28
1715345060587 0.9992038011550903 29
1715345069487 0.9992116689682007 30
1715345077786 0.9992035031318665 31
1715345094537 0.999221682548523 32
1715345106859 0.9992159008979797 33
1715345115956 0.9992168545722961 34
1715345124919 0.9992168545722961 35
1715345134013 0.9992135167121887 36
1715345143189 0.9992068409919739 37
1715345152197 0.9992250204086304 38
1715345161157 0.9992234706878662 39
1715345170606 0.9992177486419678 40
1715345179730 0.9991980791091919 41
1715345188649 0.9992262125015259 42
1715345197708 0.9992337822914124 43
1715345206778 0.9992253184318542 44
1715345215714 0.9992228746414185 45
1715345224787 0.999212920665741 46
1715345234044 0.999230146408081 47
1715345243458 0.9992392063140869 48
1715345252643 0.9992062449455261 49
1715345262079 0.9992231726646423 50
1715345271080 0.9992231726646423 51
