1715344789215 0.6453151702880859 0
1715344798775 0.5727370381355286 1
1715344808694 0.6394802331924438 2
1715344818191 0.7760413885116577 3
1715344827728 0.9097940325737 4
1715344837691 0.957599401473999 5
1715344847286 0.9729867577552795 6
1715344856626 0.9790683388710022 7
1715344866654 0.9806665182113647 8
1715344875528 0.9813580513000488 9
1715344885179 0.9810877442359924 10
1715344894692 0.9812288284301758 11
1715344904496 0.9814463257789612 12
1715344914152 0.98151695728302 13
1715344922994 0.9813643097877502 14
1715344933828 0.9815515279769897 15
1715344942691 0.9814081788063049 16
1715344951583 0.9815858602523804 17
1715344960419 0.9812565445899963 18
1715344969263 0.9818182587623596 19
1715344978130 0.9819777011871338 20
1715344988521 0.9814761281013489 21
1715344997471 0.9815064072608948 22
1715345006429 0.9813231825828552 23
1715345015484 0.9827229976654053 24
1715345024285 0.9817026853561401 25
1715345034035 0.9817123413085938 26
1715345043144 0.9815413951873779 27
1715345052347 0.9817160367965698 28
1715345060587 0.981731116771698 29
1715345069487 0.9820859432220459 30
1715345077786 0.9817419648170471 31
1715345094537 0.981407642364502 32
1715345106859 0.9817467331886292 33
1715345115956 0.981412410736084 34
1715345124919 0.9817476868629456 35
1715345134013 0.9817503690719604 36
1715345143189 0.9819187521934509 37
1715345152197 0.9815991520881653 38
1715345161157 0.9815864562988281 39
1715345170606 0.9819336533546448 40
1715345179730 0.9819369316101074 41
1715345188649 0.9816019535064697 42
1715345197708 0.9819605350494385 43
1715345206778 0.9821059107780457 44
1715345215714 0.9819391965866089 45
1715345224787 0.9819467067718506 46
1715345234044 0.9823084473609924 47
1715345243458 0.9816141724586487 48
1715345252643 0.9815829396247864 49
1715345262079 0.9817642569541931 50
1715345271080 0.9817746877670288 51
