1715344789215 0.06714516133069992 0
1715344798775 0.0062007177621126175 1
1715344808694 0.002790032885968685 2
1715344818191 0.0015399294206872582 3
1715344827728 0.0010809475788846612 4
1715344837691 0.0009013040107674897 5
1715344847286 0.000802971248049289 6
1715344856626 0.0007497891783714294 7
1715344866654 0.0007189270108938217 8
1715344875528 0.0006925645866431296 9
1715344885179 0.0006631689029745758 10
1715344894692 0.0006380595150403678 11
1715344904496 0.0006286333664320409 12
1715344914152 0.0006154652801342309 13
1715344922994 0.0006111854454502463 14
1715344933828 0.0006072607939131558 15
1715344942691 0.0005983872106298804 16
1715344951583 0.0005958524998277426 17
1715344960419 0.0005941116833128035 18
1715344969263 0.0005790871800854802 19
1715344978130 0.0005765138776041567 20
1715344988521 0.0005750611308030784 21
1715344997471 0.0005703856586478651 22
1715345006429 0.0005681133479811251 23
1715345015484 0.0005695893196389079 24
1715345024285 0.0005608710926026106 25
1715345034035 0.0005554095259867609 26
1715345043144 0.0005543744191527367 27
1715345052347 0.0005526054883375764 28
1715345060587 0.0005462014814838767 29
1715345069487 0.0005436830106191337 30
1715345077786 0.0005457568331621587 31
1715345094537 0.0005373246967792511 32
1715345106859 0.0005365886609070003 33
1715345115956 0.0005359697970561683 34
1715345124919 0.0005384358228184283 35
1715345134013 0.0005375933251343668 36
1715345143189 0.0005419328226707876 37
1715345152197 0.0005311656859703362 38
1715345161157 0.0005347898695617914 39
1715345170606 0.0005363747477531433 40
1715345179730 0.0005351142608560622 41
1715345188649 0.0005291160778142512 42
1715345197708 0.0005262403283268213 43
1715345206778 0.000531687110196799 44
1715345215714 0.0005303446669131517 45
1715345224787 0.0005290117696858943 46
1715345234044 0.0005232308176346123 47
1715345243458 0.0005217643338255584 48
1715345252643 0.0005382085801102221 49
1715345262079 0.0005327942781150341 50
1715345271080 0.0005291570560075343 51
