1715344789215 3566.0 0
1715344798775 2867.0 1
1715344808694 2892.0 2
1715344818191 2899.0 3
1715344827728 2899.0 4
1715344837691 2899.0 5
1715344847286 2899.0 6
1715344856626 2899.0 7
1715344866654 2895.0 8
1715344875528 2876.0 9
1715344885179 2813.0 10
1715344894692 2747.0 11
1715344904496 2741.0 12
1715344914152 2727.0 13
1715344922994 2717.0 14
1715344933828 2697.0 15
1715344942691 2678.0 16
1715344951583 2652.0 17
1715344960419 2660.0 18
1715344969263 2586.0 19
1715344978130 2590.0 20
1715344988521 2589.0 21
1715344997471 2578.0 22
1715345006429 2536.0 23
1715345015484 2554.0 24
1715345024285 2507.0 25
1715345034035 2511.0 26
1715345043144 2479.0 27
1715345052347 2482.0 28
1715345060587 2445.0 29
1715345069487 2408.0 30
1715345077786 2421.0 31
1715345094537 2359.0 32
1715345106859 2387.0 33
1715345115956 2375.0 34
1715345124919 2373.0 35
1715345134013 2380.0 36
1715345143189 2375.0 37
1715345152197 2324.0 38
1715345161157 2330.0 39
1715345170606 2354.0 40
1715345179730 2385.0 41
1715345188649 2307.0 42
1715345197708 2280.0 43
1715345206778 2310.0 44
1715345215714 2326.0 45
1715345224787 2320.0 46
1715345234044 2262.0 47
1715345243458 2245.0 48
1715345252643 2363.0 49
1715345262079 2309.0 50
1715345271080 2298.0 51
