1715344789215 373384.0 0
1715344798775 30334.0 1
1715344808694 3383.0 2
1715344818191 0.0 3
1715344827728 0.0 4
1715344837691 0.0 5
1715344847286 0.0 6
1715344856626 3.0 7
1715344866654 5.0 8
1715344875528 10.0 9
1715344885179 31.0 10
1715344894692 65.0 11
1715344904496 64.0 12
1715344914152 78.0 13
1715344922994 88.0 14
1715344933828 115.0 15
1715344942691 100.0 16
1715344951583 111.0 17
1715344960419 114.0 18
1715344969263 119.0 19
1715344978130 127.0 20
1715344988521 127.0 21
1715344997471 155.0 22
1715345006429 159.0 23
1715345015484 160.0 24
1715345024285 174.0 25
1715345034035 166.0 26
1715345043144 194.0 27
1715345052347 200.0 28
1715345060587 185.0 29
1715345069487 196.0 30
1715345077786 210.0 31
1715345094537 212.0 32
1715345106859 203.0 33
1715345115956 212.0 34
1715345124919 214.0 35
1715345134013 218.0 36
1715345143189 245.0 37
1715345152197 236.0 38
1715345161157 235.0 39
1715345170606 230.0 40
1715345179730 264.0 41
1715345188649 249.0 42
1715345197708 251.0 43
1715345206778 249.0 44
1715345215714 241.0 45
1715345224787 280.0 46
1715345234044 281.0 47
1715345243458 268.0 48
1715345252643 259.0 49
1715345262079 257.0 50
1715345271080 268.0 51
