1715344789215 0.2040805220603943 0
1715344798775 0.028038611635565758 1
1715344808694 0.014999918639659882 2
1715344818191 0.008755124174058437 3
1715344827728 0.005718291271477938 4
1715344837691 0.004398019518703222 5
1715344847286 0.0037078005261719227 6
1715344856626 0.0033138026483356953 7
1715344866654 0.003101212903857231 8
1715344875528 0.00295495567843318 9
1715344885179 0.0028170642908662558 10
1715344894692 0.0026944733690470457 11
1715344904496 0.0026901965029537678 12
1715344914152 0.0026380755007267 13
1715344922994 0.002612367970868945 14
1715344933828 0.002583269728347659 15
1715344942691 0.0025598681531846523 16
1715344951583 0.0025928167160600424 17
1715344960419 0.002549076220020652 18
1715344969263 0.0025108957197517157 19
1715344978130 0.0024977896828204393 20
1715344988521 0.002449976745992899 21
1715344997471 0.0025274541694670916 22
1715345006429 0.0024658681359142065 23
1715345015484 0.0024498808197677135 24
1715345024285 0.002423647092655301 25
1715345034035 0.0024175255093723536 26
1715345043144 0.0024342541582882404 27
1715345052347 0.0024213986471295357 28
1715345060587 0.0023894659243524075 29
1715345069487 0.0023375179152935743 30
1715345077786 0.0023555171210318804 31
1715345094537 0.00235726241953671 32
1715345106859 0.0023990010377019644 33
1715345115956 0.002359445672482252 34
1715345124919 0.0023773564025759697 35
1715345134013 0.0023487273138016462 36
1715345143189 0.002342559862881899 37
1715345152197 0.0023082031402736902 38
1715345161157 0.0023846158292144537 39
1715345170606 0.0023040235973894596 40
1715345179730 0.002348791342228651 41
1715345188649 0.0023539764806628227 42
1715345197708 0.0023756877053529024 43
1715345206778 0.002318622311577201 44
1715345215714 0.0023600012063980103 45
1715345224787 0.0023498686496168375 46
1715345234044 0.0023319837637245655 47
1715345243458 0.002358461497351527 48
1715345252643 0.0023345686495304108 49
1715345262079 0.0023862989619374275 50
1715345271080 0.0023374196607619524 51
