1715344789215 0.0012848986079916358 0
1715344798775 0.0012187509564682841 1
1715344808694 0.0021638795733451843 2
1715344818191 0.007365996949374676 3
1715344827728 0.029429901391267776 4
1715344837691 0.06939572095870972 5
1715344847286 0.1197788193821907 6
1715344856626 0.23880210518836975 7
1715344866654 0.32077330350875854 8
1715344875528 0.3668796420097351 9
1715344885179 0.4184280037879944 10
1715344894692 0.45544540882110596 11
1715344904496 0.4671376943588257 12
1715344914152 0.4882066547870636 13
1715344922994 0.48573726415634155 14
1715344933828 0.48586735129356384 15
1715344942691 0.5033034086227417 16
1715344951583 0.5027302503585815 17
1715344960419 0.5015539526939392 18
1715344969263 0.5295796394348145 19
1715344978130 0.5296069383621216 20
1715344988521 0.5300580263137817 21
1715344997471 0.5332401990890503 22
1715345006429 0.5347961783409119 23
1715345015484 0.5244799852371216 24
1715345024285 0.5408000946044922 25
1715345034035 0.5480586290359497 26
1715345043144 0.546383261680603 27
1715345052347 0.5465707778930664 28
1715345060587 0.5609518885612488 29
1715345069487 0.5568795800209045 30
1715345077786 0.5525655746459961 31
1715345094537 0.5635771155357361 32
1715345106859 0.5675908327102661 33
1715345115956 0.5668883323669434 34
1715345124919 0.5599313378334045 35
1715345134013 0.5580644607543945 36
1715345143189 0.5503102540969849 37
1715345152197 0.5686011910438538 38
1715345161157 0.563746452331543 39
1715345170606 0.5572376251220703 40
1715345179730 0.5553572773933411 41
1715345188649 0.5686287879943848 42
1715345197708 0.5719629526138306 43
1715345206778 0.5643563866615295 44
1715345215714 0.5638056397438049 45
1715345224787 0.5642753839492798 46
1715345234044 0.5738206505775452 47
1715345243458 0.5738997459411621 48
1715345252643 0.5472053289413452 49
1715345262079 0.559965968132019 50
1715345271080 0.5649075508117676 51
