1715344789215 0.0008028173469938338 0
1715344798775 0.001053810236044228 1
1715344808694 0.002064896747469902 2
1715344818191 0.0 3
1715344827728 0.0 4
1715344837691 0.0 5
1715344847286 0.0 6
1715344856626 0.0 7
1715344866654 0.4444444477558136 8
1715344875528 0.6969696879386902 9
1715344885179 0.7350427508354187 10
1715344894692 0.7004608511924744 11
1715344904496 0.7117117047309875 12
1715344914152 0.6880000233650208 13
1715344922994 0.6740740537643433 14
1715344933828 0.6372239589691162 15
1715344942691 0.6884735226631165 16
1715344951583 0.6899441480636597 17
1715344960419 0.6770538091659546 18
1715344969263 0.7245370149612427 19
1715344978130 0.7087156176567078 20
1715344988521 0.709382176399231 21
1715344997471 0.674369752407074 22
1715345006429 0.6954023241996765 23
1715345015484 0.6831682920455933 24
1715345024285 0.6925795078277588 25
1715345034035 0.7003610134124756 26
1715345043144 0.6840391159057617 27
1715345052347 0.6758508682250977 28
1715345060587 0.7104851603507996 29
1715345069487 0.7147015929222107 30
1715345077786 0.694767415523529 31
1715345094537 0.7180851101875305 32
1715345106859 0.7160839438438416 33
1715345115956 0.7119565010070801 34
1715345124919 0.7108108401298523 35
1715345134013 0.7042062282562256 36
1715345143189 0.6814044117927551 37
1715345152197 0.7090012431144714 38
1715345161157 0.7077114582061768 39
1715345170606 0.7032257914543152 40
1715345179730 0.6606683731079102 41
1715345188649 0.7039238810539246 42
1715345197708 0.7114942669868469 43
1715345206778 0.7028639912605286 44
1715345215714 0.7039312124252319 45
1715345224787 0.6740396022796631 46
1715345234044 0.6938998103141785 47
1715345243458 0.7093275785446167 48
1715345252643 0.6742138266563416 49
1715345262079 0.6965761780738831 50
1715345271080 0.6915995478630066 51
