1715344789215 0.07759958505630493 0
1715344798775 0.011038289405405521 1
1715344808694 0.0024146258365362883 2
1715344818191 0.0 3
1715344827728 0.0 4
1715344837691 0.0 5
1715344847286 0.0 6
1715344856626 0.0 7
1715344866654 0.0013797861756756902 8
1715344875528 0.007933770306408405 9
1715344885179 0.029665401205420494 10
1715344894692 0.052431873977184296 11
1715344904496 0.054501552134752274 12
1715344914152 0.05933080241084099 13
1715344922994 0.06278026849031448 14
1715344933828 0.06967920064926147 15
1715344942691 0.07623318582773209 16
1715344951583 0.08520179241895676 17
1715344960419 0.08244222402572632 18
1715344969263 0.10796826332807541 19
1715344978130 0.10658847540616989 20
1715344988521 0.10693342238664627 21
1715344997471 0.11072783917188644 22
1715345006429 0.1252155900001526 23
1715345015484 0.11900655180215836 24
1715345024285 0.1352190375328064 25
1715345034035 0.13383924961090088 26
1715345043144 0.14487753808498383 27
1715345052347 0.1438426971435547 28
1715345060587 0.15660572052001953 29
1715345069487 0.16936874389648438 30
1715345077786 0.16488444805145264 31
1715345094537 0.18627113103866577 32
1715345106859 0.17661263048648834 33
1715345115956 0.1807519793510437 34
1715345124919 0.18144187331199646 35
1715345134013 0.1790272444486618 36
1715345143189 0.1807519793510437 37
1715345152197 0.19834426045417786 38
1715345161157 0.19627457857131958 39
1715345170606 0.18799586594104767 40
1715345179730 0.1773025244474411 41
1715345188649 0.2042083442211151 42
1715345197708 0.21352189779281616 43
1715345206778 0.20317350327968597 44
1715345215714 0.1976543664932251 45
1715345224787 0.19972404837608337 46
1715345234044 0.219730943441391 47
1715345243458 0.22559502720832825 48
1715345252643 0.18489134311676025 49
1715345262079 0.20351845026016235 50
1715345271080 0.20731286704540253 51
