1715344789215 4027080.0 0
1715344798775 3270014.0 1
1715344808694 3296965.0 2
1715344818191 3300348.0 3
1715344827728 3300348.0 4
1715344837691 3300348.0 5
1715344847286 3300348.0 6
1715344856626 3300345.0 7
1715344866654 3300343.0 8
1715344875528 3300338.0 9
1715344885179 3300317.0 10
1715344894692 3300283.0 11
1715344904496 3300284.0 12
1715344914152 3300270.0 13
1715344922994 3300260.0 14
1715344933828 3300233.0 15
1715344942691 3300248.0 16
1715344951583 3300237.0 17
1715344960419 3300234.0 18
1715344969263 3300229.0 19
1715344978130 3300221.0 20
1715344988521 3300221.0 21
1715344997471 3300193.0 22
1715345006429 3300189.0 23
1715345015484 3300188.0 24
1715345024285 3300174.0 25
1715345034035 3300182.0 26
1715345043144 3300154.0 27
1715345052347 3300148.0 28
1715345060587 3300163.0 29
1715345069487 3300152.0 30
1715345077786 3300138.0 31
1715345094537 3300136.0 32
1715345106859 3300145.0 33
1715345115956 3300136.0 34
1715345124919 3300134.0 35
1715345134013 3300130.0 36
1715345143189 3300103.0 37
1715345152197 3300112.0 38
1715345161157 3300113.0 39
1715345170606 3300118.0 40
1715345179730 3300084.0 41
1715345188649 3300099.0 42
1715345197708 3300097.0 43
1715345206778 3300099.0 44
1715345215714 3300107.0 45
1715345224787 3300068.0 46
1715345234044 3300067.0 47
1715345243458 3300080.0 48
1715345252643 3300089.0 49
1715345262079 3300091.0 50
1715345271080 3300080.0 51
