1715344789215 300.0 0
1715344798775 32.0 1
1715344808694 7.0 2
1715344818191 0.0 3
1715344827728 0.0 4
1715344837691 0.0 5
1715344847286 0.0 6
1715344856626 0.0 7
1715344866654 4.0 8
1715344875528 23.0 9
1715344885179 86.0 10
1715344894692 152.0 11
1715344904496 158.0 12
1715344914152 172.0 13
1715344922994 182.0 14
1715344933828 202.0 15
1715344942691 221.0 16
1715344951583 247.0 17
1715344960419 239.0 18
1715344969263 313.0 19
1715344978130 309.0 20
1715344988521 310.0 21
1715344997471 321.0 22
1715345006429 363.0 23
1715345015484 345.0 24
1715345024285 392.0 25
1715345034035 388.0 26
1715345043144 420.0 27
1715345052347 417.0 28
1715345060587 454.0 29
1715345069487 491.0 30
1715345077786 478.0 31
1715345094537 540.0 32
1715345106859 512.0 33
1715345115956 524.0 34
1715345124919 526.0 35
1715345134013 519.0 36
1715345143189 524.0 37
1715345152197 575.0 38
1715345161157 569.0 39
1715345170606 545.0 40
1715345179730 514.0 41
1715345188649 592.0 42
1715345197708 619.0 43
1715345206778 589.0 44
1715345215714 573.0 45
1715345224787 579.0 46
1715345234044 637.0 47
1715345243458 654.0 48
1715345252643 536.0 49
1715345262079 590.0 50
1715345271080 601.0 51
