1726846511433 0.9991021156311035 0
1726846525477 0.9993848204612732 1
1726846541291 0.9996485114097595 2
1726846559505 0.999690592288971 3
1726846578812 0.9997166395187378 4
1726846598979 0.999744176864624 5
1726846616962 0.9997363090515137 6
1726846632175 0.999759316444397 7
1726846648265 0.999741792678833 8
1726846664566 0.9997596144676208 9
1726846680664 0.9997550845146179 10
1726846699039 0.9997648000717163 11
1726846718016 0.999750554561615 12
1726846736739 0.9997538924217224 13
1726846754417 0.9997572302818298 14
1726846770301 0.9997629523277283 15
1726846782030 0.9997702240943909 16
1726846793718 0.9997811317443848 17
1726846805596 0.9997659921646118 18
1726846818221 0.9997753500938416 19
1726846831507 0.9997799396514893 20
1726846844152 0.9997750520706177 21
1726846859021 0.9997799396514893 22
1726846873731 0.9997726678848267 23
1726846884029 0.9997693300247192 24
1726846894360 0.9997732639312744 25
1726846904673 0.9997871518135071 26
1726846916231 0.9998050332069397 27
1726846928393 0.9998041391372681 28
1726846941426 0.9998044371604919 29
1726846952335 0.9997926354408264 30
1726846964202 0.9998002052307129 31
1726846976881 0.9997996091842651 32
1726846990010 0.9998098611831665 33
1726847001544 0.9998198747634888 34
1726847014541 0.9998140931129456 35
1726847026494 0.9998171329498291 36
1726847040295 0.9998168349266052 37
1726847053911 0.9998147487640381 38
1726847068512 0.9998071789741516 39
1726847084409 0.9998089671134949 40
1726847102674 0.9998195767402649 41
1726847118252 0.9998186826705933 42
1726847129175 0.9998108148574829 43
1726847139997 0.9998083710670471 44
1726847151531 0.9998210668563843 45
1726847162478 0.999828040599823 46
1726847173556 0.9998171329498291 47
