1726846511433 0.8040667176246643 0
1726846525477 0.9601893424987793 1
1726846541291 0.9747104644775391 2
1726846559505 0.9726766347885132 3
1726846578812 0.9735528230667114 4
1726846598979 0.9730423092842102 5
1726846616962 0.9792517423629761 6
1726846632175 0.981442928314209 7
1726846648265 0.9845135807991028 8
1726846664566 0.986240565776825 9
1726846680664 0.9872632026672363 10
1726846699039 0.987639844417572 11
1726846718016 0.9879801273345947 12
1726846736739 0.9895098805427551 13
1726846754417 0.9889693856239319 14
1726846770301 0.9908871650695801 15
1726846782030 0.9905542731285095 16
1726846793718 0.990540623664856 17
1726846805596 0.9922728538513184 18
1726846818221 0.9924439787864685 19
1726846831507 0.99245285987854 20
1726846844152 0.9921054840087891 21
1726846859021 0.9915785193443298 22
1726846873731 0.9931237697601318 23
1726846884029 0.9927718639373779 24
1726846894360 0.9931293725967407 25
1726846904673 0.9936952590942383 26
1726846916231 0.9926496744155884 27
1726846928393 0.9930183291435242 28
1726846941426 0.9930217862129211 29
1726846952335 0.9938756823539734 30
1726846964202 0.9930093884468079 31
1726846976881 0.9936856031417847 32
1726846990010 0.9942162036895752 33
1726847001544 0.9942304491996765 34
1726847014541 0.9945697784423828 35
1726847026494 0.9943875670433044 36
1726847040295 0.9943765997886658 37
1726847053911 0.994033694267273 38
1726847068512 0.9943791627883911 39
1726847084409 0.9954217672348022 40
1726847102674 0.9947197437286377 41
1726847118252 0.9952426552772522 42
1726847129175 0.9945462346076965 43
1726847139997 0.9955902099609375 44
1726847151531 0.9957614541053772 45
1726847162478 0.9954214692115784 46
1726847173556 0.9943875670433044 47
