1726846511433 0.0008310559787787497 0
1726846525477 0.0004916505422443151 1
1726846541291 0.00028065283549949527 2
1726846559505 0.0002541373251006007 3
1726846578812 0.0002326465619262308 4
1726846598979 0.00021046707115601748 5
1726846616962 0.00021739810472354293 6
1726846632175 0.0001984166883630678 7
1726846648265 0.0002128513006027788 8
1726846664566 0.0001991750323213637 9
1726846680664 0.00019786680059041828 10
1726846699039 0.00019179561058990657 11
1726846718016 0.00019793696992564946 12
1726846736739 0.0001980988890863955 13
1726846754417 0.00019540329230949283 14
1726846770301 0.0001871734857559204 15
1726846782030 0.00018579195602796972 16
1726846793718 0.0001772379910107702 17
1726846805596 0.00018564048514235765 18
1726846818221 0.00018032811931334436 19
1726846831507 0.00017346377717331052 20
1726846844152 0.00018075642583426088 21
1726846859021 0.0001762424799380824 22
1726846873731 0.00018075159459840506 23
1726846884029 0.00018270478176418692 24
1726846894360 0.0001807107328204438 25
1726846904673 0.00017075911455322057 26
1726846916231 0.00015767477452754974 27
1726846928393 0.00015903491294011474 28
1726846941426 0.00015580949548166245 29
1726846952335 0.0001690654462436214 30
1726846964202 0.00015963336045388132 31
1726846976881 0.00016508401313330978 32
1726846990010 0.00015685561811551452 33
1726847001544 0.00014612669474445283 34
1726847014541 0.0001531795278424397 35
1726847026494 0.00015140978212002665 36
1726847040295 0.00014884730626363307 37
1726847053911 0.00014936448133084923 38
1726847068512 0.00015733241161797196 39
1726847084409 0.00015451012586709112 40
1726847102674 0.00015148853708524257 41
1726847118252 0.00014902729890309274 42
1726847129175 0.00015226498362608254 43
1726847139997 0.00015337236982304603 44
1726847151531 0.00014682979963254184 45
1726847162478 0.00013853843847755343 46
1726847173556 0.00015140978212002665 47
