1726846511433 2754.0 0
1726846525477 1625.0 1
1726846541291 860.0 2
1726846559505 739.0 3
1726846578812 671.0 4
1726846598979 602.0 5
1726846616962 625.0 6
1726846632175 576.0 7
1726846648265 612.0 8
1726846664566 580.0 9
1726846680664 574.0 10
1726846699039 567.0 11
1726846718016 594.0 12
1726846736739 592.0 13
1726846754417 580.0 14
1726846770301 561.0 15
1726846782030 546.0 16
1726846793718 526.0 17
1726846805596 553.0 18
1726846818221 534.0 19
1726846831507 523.0 20
1726846844152 539.0 21
1726846859021 529.0 22
1726846873731 541.0 23
1726846884029 555.0 24
1726846894360 547.0 25
1726846904673 508.0 26
1726846916231 453.0 27
1726846928393 459.0 28
1726846941426 444.0 29
1726846952335 485.0 30
1726846964202 465.0 31
1726846976881 476.0 32
1726846990010 444.0 33
1726847001544 425.0 34
1726847014541 438.0 35
1726847026494 425.0 36
1726847040295 442.0 37
1726847053911 436.0 38
1726847068512 452.0 39
1726847084409 450.0 40
1726847102674 439.0 41
1726847118252 427.0 42
1726847129175 451.0 43
1726847139997 455.0 44
1726847151531 436.0 45
1726847162478 407.0 46
1726847173556 425.0 47
