1726846511433 212.0 0
1726846525477 407.0 1
1726846541291 301.0 2
1726846559505 283.0 3
1726846578812 265.0 4
1726846598979 243.0 5
1726846616962 246.0 6
1726846632175 219.0 7
1726846648265 241.0 8
1726846664566 214.0 9
1726846680664 235.0 10
1726846699039 210.0 11
1726846718016 230.0 12
1726846736739 221.0 13
1726846754417 222.0 14
1726846770301 222.0 15
1726846782030 213.0 16
1726846793718 197.0 17
1726846805596 220.0 18
1726846818221 208.0 19
1726846831507 204.0 20
1726846844152 204.0 21
1726846859021 198.0 22
1726846873731 210.0 23
1726846884029 207.0 24
1726846894360 202.0 25
1726846904673 195.0 26
1726846916231 191.0 27
1726846928393 188.0 28
1726846941426 202.0 29
1726846952335 200.0 30
1726846964202 195.0 31
1726846976881 186.0 32
1726846990010 184.0 33
1726847001544 170.0 34
1726847014541 176.0 35
1726847026494 179.0 36
1726847040295 163.0 37
1726847053911 176.0 38
1726847068512 185.0 39
1726847084409 181.0 40
1726847102674 157.0 41
1726847118252 172.0 42
1726847129175 174.0 43
1726847139997 178.0 44
1726847151531 155.0 45
1726847162478 161.0 46
1726847173556 179.0 47
