1726846511433 0.004620811901986599 0
1726846525477 0.0021507202181965113 1
1726846541291 0.0013483102666214108 2
1726846559505 0.00126740918494761 3
1726846578812 0.0011600840371102095 4
1726846598979 0.001066372380591929 5
1726846616962 0.0010762774618342519 6
1726846632175 0.0009965335484594107 7
1726846648265 0.0010363829787820578 8
1726846664566 0.000978474854491651 9
1726846680664 0.0009612656431272626 10
1726846699039 0.0009371360065415502 11
1726846718016 0.0009512532269582152 12
1726846736739 0.0009512825636193156 13
1726846754417 0.0009551398106850684 14
1726846770301 0.000893253309186548 15
1726846782030 0.0008855927153490484 16
1726846793718 0.0008583813323639333 17
1726846805596 0.0008699981844983995 18
1726846818221 0.0008765921811573207 19
1726846831507 0.0008361062500625849 20
1726846844152 0.0008729672408662736 21
1726846859021 0.000862677174154669 22
1726846873731 0.000867469934746623 23
1726846884029 0.0008580377325415611 24
1726846894360 0.0008626041235402226 25
1726846904673 0.0008275500731542706 26
1726846916231 0.0007902132929302752 27
1726846928393 0.0007686027674935758 28
1726846941426 0.0007558687357231975 29
1726846952335 0.0008081345004029572 30
1726846964202 0.000778523797634989 31
1726846976881 0.0008050634642131627 32
1726846990010 0.000754593696910888 33
1726847001544 0.0007223131251521409 34
1726847014541 0.0007496964535675943 35
1726847026494 0.0007325823535211384 36
1726847040295 0.0007214270299300551 37
1726847053911 0.0007271766080521047 38
1726847068512 0.0007663336582481861 39
1726847084409 0.000743695127312094 40
1726847102674 0.0007502238731831312 41
1726847118252 0.0007270399946719408 42
1726847129175 0.0007407249649986625 43
1726847139997 0.0007314800750464201 44
1726847151531 0.0007262710714712739 45
1726847162478 0.0006991889094933867 46
1726847173556 0.0007325823535211384 47
