1726846511433 0.11222740262746811 0
1726846525477 0.6366409063339233 1
1726846541291 0.8307908773422241 2
1726846559505 0.845638632774353 3
1726846578812 0.86176598072052 4
1726846598979 0.8721072673797607 5
1726846616962 0.8713622093200684 6
1726846632175 0.882243812084198 7
1726846648265 0.8763785362243652 8
1726846664566 0.887133777141571 9
1726846680664 0.8850573301315308 10
1726846699039 0.8909986615180969 11
1726846718016 0.8882765769958496 12
1726846736739 0.8844002485275269 13
1726846754417 0.8853654861450195 14
1726846770301 0.8942924737930298 15
1726846782030 0.8953898549079895 16
1726846793718 0.8988091945648193 17
1726846805596 0.8988145589828491 18
1726846818221 0.8963538408279419 19
1726846831507 0.9017314314842224 20
1726846844152 0.8998281955718994 21
1726846859021 0.8973410129547119 22
1726846873731 0.8978555202484131 23
1726846884029 0.9009242057800293 24
1726846894360 0.9003486037254333 25
1726846904673 0.9066323637962341 26
1726846916231 0.9115386009216309 27
1726846928393 0.9139120578765869 28
1726846941426 0.9171890616416931 29
1726846952335 0.9078911542892456 30
1726846964202 0.9176777005195618 31
1726846976881 0.9069947600364685 32
1726846990010 0.9160689115524292 33
1726847001544 0.9191937446594238 34
1726847014541 0.9199426174163818 35
1726847026494 0.9197971820831299 36
1726847040295 0.9215114116668701 37
1726847053911 0.9192584753036499 38
1726847068512 0.9161400198936462 39
1726847084409 0.918770432472229 40
1726847102674 0.9161845445632935 41
1726847118252 0.9199139475822449 42
1726847129175 0.9179922938346863 43
1726847139997 0.9184945821762085 44
1726847151531 0.9204893708229065 45
1726847162478 0.9238899946212769 46
1726847173556 0.9197971820831299 47
