1726846511433 0.40616247057914734 0
1726846525477 0.7578822374343872 1
1726846541291 0.8713675141334534 2
1726846559505 0.8841588497161865 3
1726846578812 0.8937023878097534 4
1726846598979 0.9043307304382324 5
1726846616962 0.9023809432983398 6
1726846632175 0.9138473868370056 7
1726846648265 0.9046677350997925 8
1726846664566 0.9155151844024658 9
1726846680664 0.908203125 10
1726846699039 0.9173879027366638 11
1726846718016 0.9092702269554138 12
1726846736739 0.9125791192054749 13
1726846754417 0.9126328229904175 14
1726846770301 0.913281261920929 15
1726846782030 0.9169914126396179 16
1726846793718 0.9233462810516357 17
1726846805596 0.9142634272575378 18
1726846818221 0.9191604852676392 19
1726846831507 0.9209302067756653 20
1726846844152 0.9204367995262146 21
1726846859021 0.922897219657898 22
1726846873731 0.9182242751121521 23
1726846884029 0.9188553690910339 24
1726846894360 0.9209083914756775 25
1726846904673 0.924593985080719 26
1726846916231 0.9275692105293274 27
1726846928393 0.9284626841545105 28
1726846941426 0.9239743947982788 29
1726846952335 0.9234889149665833 30
1726846964202 0.9258273243904114 31
1726846976881 0.9287083148956299 32
1726846990010 0.93027663230896 33
1726847001544 0.935703456401825 34
1726847014541 0.9332574605941772 35
1726847026494 0.9325292110443115 36
1726847040295 0.9377862811088562 37
1726847053911 0.9333080649375916 38
1726847068512 0.9297112226486206 39
1726847084409 0.9311786890029907 40
1726847102674 0.9400076270103455 41
1726847118252 0.9349470734596252 42
1726847129175 0.9336384534835815 43
1726847139997 0.9321128726005554 44
1726847151531 0.9407945275306702 45
1726847162478 0.9393140077590942 46
1726847173556 0.9325292110443115 47
