1726846511433 0.05001724883913994 0
1726846525477 0.439461886882782 1
1726846541291 0.7033459544181824 2
1726846559505 0.7450845241546631 3
1726846578812 0.7685408592224121 4
1726846598979 0.7923421859741211 5
1726846616962 0.7844083905220032 6
1726846632175 0.8013107776641846 7
1726846648265 0.7888927459716797 8
1726846664566 0.799930989742279 9
1726846680664 0.8020007014274597 10
1726846699039 0.8044153451919556 11
1726846718016 0.7951017618179321 12
1726846736739 0.7957916259765625 13
1726846754417 0.799930989742279 14
1726846770301 0.8064849972724915 15
1726846782030 0.8116592168807983 16
1726846793718 0.8185580968856812 17
1726846805596 0.8092445731163025 18
1726846818221 0.8157985806465149 19
1726846831507 0.8195929527282715 20
1726846844152 0.8140738010406494 21
1726846859021 0.8175233006477356 22
1726846873731 0.813383936882019 23
1726846884029 0.8085546493530273 24
1726846894360 0.8113142251968384 25
1726846904673 0.8247671723365784 26
1726846916231 0.8437392115592957 27
1726846928393 0.8416695594787598 28
1726846941426 0.8468437194824219 29
1726846952335 0.8327009081840515 30
1726846964202 0.8395998477935791 31
1726846976881 0.8358054757118225 32
1726846990010 0.8468437194824219 33
1726847001544 0.8533977270126343 34
1726847014541 0.8489134311676025 35
1726847026494 0.8533977270126343 36
1726847040295 0.847533643245697 37
1726847053911 0.8496032953262329 38
1726847068512 0.8440841436386108 39
1726847084409 0.844774067401886 40
1726847102674 0.8485684990882874 41
1726847118252 0.8527078032493591 42
1726847129175 0.8444291353225708 43
1726847139997 0.8430493474006653 44
1726847151531 0.8496032953262329 45
1726847162478 0.8596067428588867 46
1726847173556 0.8533977270126343 47
