1726846511433 3300136.0 0
1726846525477 3299941.0 1
1726846541291 3300047.0 2
1726846559505 3300065.0 3
1726846578812 3300083.0 4
1726846598979 3300105.0 5
1726846616962 3300102.0 6
1726846632175 3300129.0 7
1726846648265 3300107.0 8
1726846664566 3300134.0 9
1726846680664 3300113.0 10
1726846699039 3300138.0 11
1726846718016 3300118.0 12
1726846736739 3300127.0 13
1726846754417 3300126.0 14
1726846770301 3300126.0 15
1726846782030 3300135.0 16
1726846793718 3300151.0 17
1726846805596 3300128.0 18
1726846818221 3300140.0 19
1726846831507 3300144.0 20
1726846844152 3300144.0 21
1726846859021 3300150.0 22
1726846873731 3300138.0 23
1726846884029 3300141.0 24
1726846894360 3300146.0 25
1726846904673 3300153.0 26
1726846916231 3300157.0 27
1726846928393 3300160.0 28
1726846941426 3300146.0 29
1726846952335 3300148.0 30
1726846964202 3300153.0 31
1726846976881 3300162.0 32
1726846990010 3300164.0 33
1726847001544 3300178.0 34
1726847014541 3300172.0 35
1726847026494 3300169.0 36
1726847040295 3300185.0 37
1726847053911 3300172.0 38
1726847068512 3300163.0 39
1726847084409 3300167.0 40
1726847102674 3300191.0 41
1726847118252 3300176.0 42
1726847129175 3300174.0 43
1726847139997 3300170.0 44
1726847151531 3300193.0 45
1726847162478 3300187.0 46
1726847173556 3300169.0 47
