1726846511433 145.0 0
1726846525477 1274.0 1
1726846541291 2039.0 2
1726846559505 2160.0 3
1726846578812 2228.0 4
1726846598979 2297.0 5
1726846616962 2274.0 6
1726846632175 2323.0 7
1726846648265 2287.0 8
1726846664566 2319.0 9
1726846680664 2325.0 10
1726846699039 2332.0 11
1726846718016 2305.0 12
1726846736739 2307.0 13
1726846754417 2319.0 14
1726846770301 2338.0 15
1726846782030 2353.0 16
1726846793718 2373.0 17
1726846805596 2346.0 18
1726846818221 2365.0 19
1726846831507 2376.0 20
1726846844152 2360.0 21
1726846859021 2370.0 22
1726846873731 2358.0 23
1726846884029 2344.0 24
1726846894360 2352.0 25
1726846904673 2391.0 26
1726846916231 2446.0 27
1726846928393 2440.0 28
1726846941426 2455.0 29
1726846952335 2414.0 30
1726846964202 2434.0 31
1726846976881 2423.0 32
1726846990010 2455.0 33
1726847001544 2474.0 34
1726847014541 2461.0 35
1726847026494 2474.0 36
1726847040295 2457.0 37
1726847053911 2463.0 38
1726847068512 2447.0 39
1726847084409 2449.0 40
1726847102674 2460.0 41
1726847118252 2472.0 42
1726847129175 2448.0 43
1726847139997 2444.0 44
1726847151531 2463.0 45
1726847162478 2492.0 46
1726847173556 2474.0 47
