1726843989616 0.9990900158882141 0
1726844001083 0.9990975260734558 1
1726844011976 0.9990803003311157 2
1726844022995 0.9990721344947815 3
1726844034163 0.9990648627281189 4
1726844045507 0.9990597367286682 5
1726844057310 0.9990763664245605 6
1726844068950 0.9990942478179932 7
1726844081453 0.9991027116775513 8
1726844093585 0.9991084337234497 9
1726844105802 0.9991081357002258 10
1726844117475 0.9991108775138855 11
1726844130034 0.9991136193275452 12
1726844142857 0.9991356730461121 13
1726844156515 0.9991281032562256 14
1726844169658 0.9991487264633179 15
1726844183138 0.9991554021835327 16
1726844195748 0.9991705417633057 17
1726844208979 0.9991662502288818 18
1726844221458 0.9991689920425415 19
1726844234092 0.9991787075996399 20
1726844247325 0.9991741180419922 21
1726844260806 0.9991905093193054 22
1726844273573 0.9991777539253235 23
1726844286223 0.9992104768753052 24
1726844298829 0.9991980791091919 25
1726844311445 0.9992101788520813 26
1726844324026 0.9991995692253113 27
1726844336646 0.9992180466651917 28
1726844349296 0.9992256164550781 29
1726844362111 0.9992286562919617 30
1726844374783 0.9992234706878662 31
1726844387357 0.999232292175293 32
1726844400035 0.9992225766181946 33
1726844412680 0.9992313385009766 34
1726844425362 0.9992241263389587 35
1726844438050 0.9992371201515198 36
1726844450827 0.9992428421974182 37
1726844464210 0.9992498159408569 38
1726844477361 0.9992362260818481 39
1726844490307 0.9992564916610718 40
1726844503254 0.999232292175293 41
1726844516089 0.9992431402206421 42
1726844529089 0.9992758631706238 43
1726844542023 0.9992601275444031 44
1726844555627 0.9992550015449524 45
1726844568777 0.9992682933807373 46
1726844581804 0.9992864727973938 47
1726844594695 0.999273419380188 48
1726844607649 0.9992595314979553 49
1726844620578 0.9992688894271851 50
1726844630773 0.9992564916610718 51
