1726843989616 0.6659939885139465 0
1726844001083 0.8798457384109497 1
1726844011976 0.939450740814209 2
1726844022995 0.9563397169113159 3
1726844034163 0.9640707969665527 4
1726844045507 0.9712609052658081 5
1726844057310 0.9734658598899841 6
1726844068950 0.9758146405220032 7
1726844081453 0.9755398035049438 8
1726844093585 0.9788193702697754 9
1726844105802 0.9788942337036133 10
1726844117475 0.9789915084838867 11
1726844130034 0.9794307351112366 12
1726844142857 0.9797091484069824 13
1726844156515 0.9797630310058594 14
1726844169658 0.9796869158744812 15
1726844183138 0.9800586104393005 16
1726844195748 0.9802973866462708 17
1726844208979 0.9801933169364929 18
1726844221458 0.9798713326454163 19
1726844234092 0.9800767302513123 20
1726844247325 0.9787006378173828 21
1726844260806 0.9803444743156433 22
1726844273573 0.9806814193725586 23
1726844286223 0.9800829887390137 24
1726844298829 0.9788548946380615 25
1726844311445 0.9795559048652649 26
1726844324026 0.980079710483551 27
1726844336646 0.980494499206543 28
1726844349296 0.9798201322555542 29
1726844362111 0.9804978966712952 30
1726844374783 0.9799860715866089 31
1726844387357 0.9795101881027222 32
1726844400035 0.9800112247467041 33
1726844412680 0.9796872735023499 34
1726844425362 0.979703962802887 35
1726844438050 0.9804092049598694 36
1726844450827 0.9800698757171631 37
1726844464210 0.9791987538337708 38
1726844477361 0.979190468788147 39
1726844490307 0.979049801826477 40
1726844503254 0.9792149662971497 41
1726844516089 0.9794107675552368 42
1726844529089 0.9795845746994019 43
1726844542023 0.9794010519981384 44
1726844555627 0.979603111743927 45
1726844568777 0.9799495339393616 46
1726844581804 0.9804782271385193 47
1726844594695 0.9797937273979187 48
1726844607649 0.9785751104354858 49
1726844620578 0.9799807071685791 50
1726844630773 0.979049801826477 51
