1726843989616 0.000896963058039546 0
1726844001083 0.0008591720834374428 1
1726844011976 0.0008213474065996706 2
1726844022995 0.0008075113291852176 3
1726844034163 0.0007909137639217079 4
1726844045507 0.000777672219555825 5
1726844057310 0.0007561200181953609 6
1726844068950 0.0007434395956806839 7
1726844081453 0.0007288444903679192 8
1726844093585 0.0007120121736079454 9
1726844105802 0.0007091725128702819 10
1726844117475 0.0007051085704006255 11
1726844130034 0.000694237882271409 12
1726844142857 0.0006745518767274916 13
1726844156515 0.0006763997953385115 14
1726844169658 0.0006556471926160157 15
1726844183138 0.0006478162831626832 16
1726844195748 0.0006472647073678672 17
1726844208979 0.0006374313961714506 18
1726844221458 0.0006348860333673656 19
1726844234092 0.0006278058863244951 20
1726844247325 0.0006299777887761593 21
1726844260806 0.0006123227649368346 22
1726844273573 0.0006165770464576781 23
1726844286223 0.0005943407886661589 24
1726844298829 0.0006071152747608721 25
1726844311445 0.0005965445307083428 26
1726844324026 0.0006035146070644259 27
1726844336646 0.00058812863426283 28
1726844349296 0.0005855497438460588 29
1726844362111 0.0005890241009183228 30
1726844374783 0.000589965668041259 31
1726844387357 0.0005761994980275631 32
1726844400035 0.0005861820536665618 33
1726844412680 0.0005776082980446517 34
1726844425362 0.0005820185760967433 35
1726844438050 0.0005727530806325376 36
1726844450827 0.0005774561432190239 37
1726844464210 0.0005744799855165184 38
1726844477361 0.0005784920649603009 39
1726844490307 0.0005686341319233179 40
1726844503254 0.0005830919253639877 41
1726844516089 0.0005710285622626543 42
1726844529089 0.0005577217671088874 43
1726844542023 0.0005670177633874118 44
1726844555627 0.0005645324708893895 45
1726844568777 0.0005579350399784744 46
1726844581804 0.0005457306397147477 47
1726844594695 0.0005569062195718288 48
1726844607649 0.0005613637622445822 49
1726844620578 0.0005551337962970138 50
1726844630773 0.0005686341319233179 51
