1726843989616 2898.0 0
1726844001083 2883.0 1
1726844011976 2822.0 2
1726844022995 2756.0 3
1726844034163 2741.0 4
1726844045507 2689.0 5
1726844057310 2643.0 6
1726844068950 2589.0 7
1726844081453 2562.0 8
1726844093585 2521.0 9
1726844105802 2519.0 10
1726844117475 2518.0 11
1726844130034 2456.0 12
1726844142857 2413.0 13
1726844156515 2402.0 14
1726844169658 2329.0 15
1726844183138 2299.0 16
1726844195748 2244.0 17
1726844208979 2243.0 18
1726844221458 2198.0 19
1726844234092 2184.0 20
1726844247325 2195.0 21
1726844260806 2128.0 22
1726844273573 2140.0 23
1726844286223 2041.0 24
1726844298829 2083.0 25
1726844311445 2033.0 26
1726844324026 2037.0 27
1726844336646 1993.0 28
1726844349296 1971.0 29
1726844362111 1969.0 30
1726844374783 1963.0 31
1726844387357 1919.0 32
1726844400035 1953.0 33
1726844412680 1933.0 34
1726844425362 1931.0 35
1726844438050 1874.0 36
1726844450827 1874.0 37
1726844464210 1877.0 38
1726844477361 1882.0 39
1726844490307 1832.0 40
1726844503254 1897.0 41
1726844516089 1855.0 42
1726844529089 1785.0 43
1726844542023 1817.0 44
1726844555627 1823.0 45
1726844568777 1807.0 46
1726844581804 1751.0 47
1726844594695 1769.0 48
1726844607649 1802.0 49
1726844620578 1769.0 50
1726844630773 1832.0 51
