1726843989616 108.0 0
1726844001083 98.0 1
1726844011976 216.0 2
1726844022995 309.0 3
1726844034163 348.0 4
1726844045507 417.0 5
1726844057310 408.0 6
1726844068950 403.0 7
1726844081453 402.0 8
1726844093585 424.0 9
1726844105802 427.0 10
1726844117475 419.0 11
1726844130034 472.0 12
1726844142857 442.0 13
1726844156515 478.0 14
1726844169658 483.0 15
1726844183138 491.0 16
1726844195748 496.0 17
1726844208979 511.0 18
1726844221458 547.0 19
1726844234092 529.0 20
1726844247325 533.0 21
1726844260806 546.0 22
1726844273573 576.0 23
1726844286223 567.0 24
1726844298829 566.0 25
1726844311445 576.0 26
1726844324026 607.0 27
1726844336646 590.0 28
1726844349296 587.0 29
1726844362111 579.0 30
1726844374783 602.0 31
1726844387357 617.0 32
1726844400035 615.0 33
1726844412680 606.0 34
1726844425362 632.0 35
1726844438050 646.0 36
1726844450827 627.0 37
1726844464210 601.0 38
1726844477361 641.0 39
1726844490307 624.0 40
1726844503254 639.0 41
1726844516089 645.0 42
1726844529089 607.0 43
1726844542023 627.0 44
1726844555627 638.0 45
1726844568777 610.0 46
1726844581804 606.0 47
1726844594695 631.0 48
1726844607649 644.0 49
1726844620578 646.0 50
1726844630773 624.0 51
