1726843989616 0.006105154287070036 0
1726844001083 0.004582988563925028 1
1726844011976 0.00390129117295146 2
1726844022995 0.003631651634350419 3
1726844034163 0.0034804586321115494 4
1726844045507 0.0033369166776537895 5
1726844057310 0.0032112314365804195 6
1726844068950 0.0031581453513354063 7
1726844081453 0.003056337358430028 8
1726844093585 0.0029751895926892757 9
1726844105802 0.0029568641912192106 10
1726844117475 0.00291883060708642 11
1726844130034 0.0028803355526179075 12
1726844142857 0.0027670429553836584 13
1726844156515 0.0027654634322971106 14
1726844169658 0.002693383488804102 15
1726844183138 0.0026661159936338663 16
1726844195748 0.0026584442239254713 17
1726844208979 0.0026245953049510717 18
1726844221458 0.002592759905382991 19
1726844234092 0.002570401644334197 20
1726844247325 0.002577003091573715 21
1726844260806 0.0024933202657848597 22
1726844273573 0.002501750597730279 23
1726844286223 0.002414779970422387 24
1726844298829 0.002468641148880124 25
1726844311445 0.00243169954046607 26
1726844324026 0.002444769721478224 27
1726844336646 0.0023863278329372406 28
1726844349296 0.0023745892103761435 29
1726844362111 0.0023984811268746853 30
1726844374783 0.002400799887254834 31
1726844387357 0.002352861687541008 32
1726844400035 0.002375681884586811 33
1726844412680 0.002338232472538948 34
1726844425362 0.0023710383102297783 35
1726844438050 0.0023361044004559517 36
1726844450827 0.0023635379038751125 37
1726844464210 0.002356374403461814 38
1726844477361 0.0023370597045868635 39
1726844490307 0.002313892589882016 40
1726844503254 0.0023877809289842844 41
1726844516089 0.0023332585114985704 42
1726844529089 0.00228721066378057 43
1726844542023 0.0023159324191510677 44
1726844555627 0.0023105561267584562 45
1726844568777 0.00228981114923954 46
1726844581804 0.002241913927718997 47
1726844594695 0.0022859727032482624 48
1726844607649 0.002292819321155548 49
1726844620578 0.0022777998819947243 50
1726844630773 0.002313892589882016 51
