1726843989616 0.010550053790211678 0
1726844001083 0.06121198087930679 1
1726844011976 0.13639584183692932 2
1726844022995 0.17466804385185242 3
1726844034163 0.19919361174106598 4
1726844045507 0.2248031049966812 5
1726844057310 0.2529365122318268 6
1726844068950 0.2701306939125061 7
1726844081453 0.2926006317138672 8
1726844093585 0.31581661105155945 9
1726844105802 0.3215652108192444 10
1726844117475 0.3296172618865967 11
1726844130034 0.34739813208580017 12
1726844142857 0.3730175793170929 13
1726844156515 0.3722630441188812 14
1726844169658 0.39823979139328003 15
1726844183138 0.40633079409599304 16
1726844195748 0.4106347858905792 17
1726844208979 0.42470312118530273 18
1726844221458 0.42933332920074463 19
1726844234092 0.43558216094970703 20
1726844247325 0.43391457200050354 21
1726844260806 0.4570159912109375 22
1726844273573 0.45447462797164917 23
1726844286223 0.47573375701904297 24
1726844298829 0.46458712220191956 25
1726844311445 0.4753516912460327 26
1726844324026 0.47211599349975586 27
1726844336646 0.4858464300632477 28
1726844349296 0.4898625314235687 29
1726844362111 0.4820767045021057 30
1726844374783 0.4894407391548157 31
1726844387357 0.5002642273902893 32
1726844400035 0.48892146348953247 33
1726844412680 0.5017753839492798 34
1726844425362 0.49652424454689026 35
1726844438050 0.5033533573150635 36
1726844450827 0.504529595375061 37
1726844464210 0.5017580389976501 38
1726844477361 0.4987110197544098 39
1726844490307 0.5174733996391296 40
1726844503254 0.49778956174850464 41
1726844516089 0.5081548094749451 42
1726844529089 0.5234575867652893 43
1726844542023 0.5144474506378174 44
1726844555627 0.515954852104187 45
1726844568777 0.5231519937515259 46
1726844581804 0.532177746295929 47
1726844594695 0.5225459337234497 48
1726844607649 0.5214148759841919 49
1726844620578 0.5297343730926514 50
1726844630773 0.5174733996391296 51
