1726843989616 0.00917431153357029 0
1726844001083 0.14035087823867798 1
1726844011976 0.26279863715171814 2
1726844022995 0.3163716793060303 3
1726844034163 0.3122529685497284 4
1726844045507 0.3349282443523407 5
1726844057310 0.3855421543121338 6
1726844068950 0.43478259444236755 7
1726844081453 0.45602163672447205 8
1726844093585 0.471321702003479 9
1726844105802 0.47087979316711426 10
1726844117475 0.4762499928474426 11
1726844130034 0.48415300250053406 12
1726844142857 0.5237069129943848 13
1726844156515 0.5097435712814331 14
1726844169658 0.5413105487823486 15
1726844183138 0.5499541759490967 16
1726844195748 0.5690703988075256 17
1726844208979 0.5621250867843628 18
1726844221458 0.5616987347602844 19
1726844234092 0.5747588276863098 20
1726844247325 0.569118857383728 21
1726844260806 0.5854213833808899 22
1726844273573 0.5685393214225769 23
1726844286223 0.6021052598953247 24
1726844298829 0.5904486179351807 25
1726844311445 0.6005547642707825 26
1726844324026 0.5867937207221985 27
1726844336646 0.605614960193634 28
1726844349296 0.6125412583351135 29
1726844362111 0.6163021922111511 30
1726844374783 0.6085825562477112 31
1726844387357 0.6136506199836731 32
1726844400035 0.6060217618942261 33
1726844412680 0.614503800868988 34
1726844425362 0.6050000190734863 35
1726844438050 0.613405168056488 36
1726844450827 0.620460033416748 37
1726844464210 0.6296980977058411 38
1726844477361 0.6133896112442017 39
1726844490307 0.6309875845909119 40
1726844503254 0.6106032729148865 41
1726844516089 0.6181172132492065 42
1726844529089 0.6472980976104736 43
1726844542023 0.6331188082695007 44
1726844555627 0.6277713179588318 45
1726844568777 0.641598105430603 46
1726844581804 0.6545040011405945 47
1726844594695 0.6416808366775513 48
1726844607649 0.6300976276397705 49
1726844620578 0.6362612843513489 50
1726844630773 0.6309875845909119 51
