1726843989616 0.00034494654391892254 0
1726844001083 0.005519144702702761 1
1726844011976 0.026560883969068527 2
1726844022995 0.04932735487818718 3
1726844034163 0.054501552134752274 4
1726844045507 0.07243876904249191 5
1726844057310 0.08830631524324417 6
1726844068950 0.10693342238664627 7
1726844081453 0.11624698340892792 8
1726844093585 0.13038979470729828 9
1726844105802 0.13107968866825104 10
1726844117475 0.13142463564872742 11
1726844130034 0.15281131863594055 12
1726844142857 0.16764400899410248 13
1726844156515 0.17143842577934265 14
1726844169658 0.19661952555179596 15
1726844183138 0.20696792006492615 16
1726844195748 0.22593997418880463 17
1726844208979 0.226284921169281 18
1726844221458 0.24180752038955688 19
1726844234092 0.2466367781162262 20
1726844247325 0.24284236133098602 21
1726844260806 0.26595377922058105 22
1726844273573 0.2618144154548645 23
1726844286223 0.2959641218185425 24
1726844298829 0.28147637844085693 25
1726844311445 0.2987236976623535 26
1726844324026 0.297343909740448 27
1726844336646 0.3125215470790863 28
1726844349296 0.32011038064956665 29
1726844362111 0.3208002746105194 30
1726844374783 0.3228699564933777 31
1726844387357 0.338047593832016 32
1726844400035 0.3263194262981415 33
1726844412680 0.33321836590766907 34
1726844425362 0.33390823006629944 35
1726844438050 0.35357019305229187 36
1726844450827 0.35357019305229187 37
1726844464210 0.3525353670120239 38
1726844477361 0.35081061720848083 39
1726844490307 0.3680579364299774 40
1726844503254 0.34563642740249634 41
1726844516089 0.3601241707801819 42
1726844529089 0.38427042961120605 43
1726844542023 0.3732321560382843 44
1726844555627 0.371162474155426 45
1726844568777 0.3766816258430481 46
1726844581804 0.39599862694740295 47
1726844594695 0.3897895812988281 48
1726844607649 0.3784063458442688 49
1726844620578 0.3897895812988281 50
1726844630773 0.3680579364299774 51
