1726843989616 3300240.0 0
1726844001083 3300250.0 1
1726844011976 3300132.0 2
1726844022995 3300039.0 3
1726844034163 3300000.0 4
1726844045507 3299931.0 5
1726844057310 3299940.0 6
1726844068950 3299945.0 7
1726844081453 3299946.0 8
1726844093585 3299924.0 9
1726844105802 3299921.0 10
1726844117475 3299929.0 11
1726844130034 3299876.0 12
1726844142857 3299906.0 13
1726844156515 3299870.0 14
1726844169658 3299865.0 15
1726844183138 3299857.0 16
1726844195748 3299852.0 17
1726844208979 3299837.0 18
1726844221458 3299801.0 19
1726844234092 3299819.0 20
1726844247325 3299815.0 21
1726844260806 3299802.0 22
1726844273573 3299772.0 23
1726844286223 3299781.0 24
1726844298829 3299782.0 25
1726844311445 3299772.0 26
1726844324026 3299741.0 27
1726844336646 3299758.0 28
1726844349296 3299761.0 29
1726844362111 3299769.0 30
1726844374783 3299746.0 31
1726844387357 3299731.0 32
1726844400035 3299733.0 33
1726844412680 3299742.0 34
1726844425362 3299716.0 35
1726844438050 3299702.0 36
1726844450827 3299721.0 37
1726844464210 3299747.0 38
1726844477361 3299707.0 39
1726844490307 3299724.0 40
1726844503254 3299709.0 41
1726844516089 3299703.0 42
1726844529089 3299741.0 43
1726844542023 3299721.0 44
1726844555627 3299710.0 45
1726844568777 3299738.0 46
1726844581804 3299742.0 47
1726844594695 3299717.0 48
1726844607649 3299704.0 49
1726844620578 3299702.0 50
1726844630773 3299724.0 51
