1726843989616 1.0 0
1726844001083 16.0 1
1726844011976 77.0 2
1726844022995 143.0 3
1726844034163 158.0 4
1726844045507 210.0 5
1726844057310 256.0 6
1726844068950 310.0 7
1726844081453 337.0 8
1726844093585 378.0 9
1726844105802 380.0 10
1726844117475 381.0 11
1726844130034 443.0 12
1726844142857 486.0 13
1726844156515 497.0 14
1726844169658 570.0 15
1726844183138 600.0 16
1726844195748 655.0 17
1726844208979 656.0 18
1726844221458 701.0 19
1726844234092 715.0 20
1726844247325 704.0 21
1726844260806 771.0 22
1726844273573 759.0 23
1726844286223 858.0 24
1726844298829 816.0 25
1726844311445 866.0 26
1726844324026 862.0 27
1726844336646 906.0 28
1726844349296 928.0 29
1726844362111 930.0 30
1726844374783 936.0 31
1726844387357 980.0 32
1726844400035 946.0 33
1726844412680 966.0 34
1726844425362 968.0 35
1726844438050 1025.0 36
1726844450827 1025.0 37
1726844464210 1022.0 38
1726844477361 1017.0 39
1726844490307 1067.0 40
1726844503254 1002.0 41
1726844516089 1044.0 42
1726844529089 1114.0 43
1726844542023 1082.0 44
1726844555627 1076.0 45
1726844568777 1092.0 46
1726844581804 1148.0 47
1726844594695 1130.0 48
1726844607649 1097.0 49
1726844620578 1130.0 50
1726844630773 1067.0 51
