1717162470648 0.9683135747909546 0
1717162479091 0.9991223812103271 1
1717162487517 0.9991223812103271 2
1717162495884 0.9991223812103271 3
1717162504356 0.9991223812103271 4
1717162512782 0.9991223812103271 5
1717162521277 0.9991217851638794 6
1717162530150 0.9991238713264465 7
1717162539498 0.9991335868835449 8
1717162547876 0.9991393089294434 9
1717162556618 0.9991586804389954 10
1717162565184 0.9991586804389954 11
1717162573512 0.9991602301597595 12
1717162582079 0.999170184135437 13
1717162590519 0.9991747736930847 14
1717162599023 0.9991768598556519 15
1717162607619 0.9991753697395325 16
1717162616352 0.9991868734359741 17
1717162624838 0.9991838335990906 18
