1717162470648 0.5285335183143616 0
1717162479091 0.5906689167022705 1
1717162487517 0.6974407434463501 2
1717162495884 0.8545486927032471 3
1717162504356 0.9470074772834778 4
1717162512782 0.9734725952148438 5
1717162521277 0.9780439734458923 6
1717162530150 0.9805006384849548 7
1717162539498 0.9807775616645813 8
1717162547876 0.981434166431427 9
1717162556618 0.9815245270729065 10
1717162565184 0.9817359447479248 11
1717162573512 0.9814150929450989 12
1717162582079 0.9814515709877014 13
1717162590519 0.9814361333847046 14
1717162599023 0.981323778629303 15
1717162607619 0.9811291098594666 16
1717162616352 0.9818167090415955 17
1717162624838 0.9818465709686279 18
