1717162470648 0.03252607211470604 0
1717162479091 0.003100918373093009 1
1717162487517 0.0016635189531370997 2
1717162495884 0.0011068681487813592 3
1717162504356 0.0008760739001445472 4
1717162512782 0.0007992868195287883 5
1717162521277 0.0007549592410214245 6
1717162530150 0.000712053501047194 7
1717162539498 0.0006733126356266439 8
1717162547876 0.0006480116280727088 9
1717162556618 0.0006296822102740407 10
1717162565184 0.0006224834360182285 11
1717162573512 0.0006173586589284241 12
1717162582079 0.0006036496488377452 13
1717162590519 0.0006025599432177842 14
1717162599023 0.0005948684411123395 15
1717162607619 0.0005979652050882578 16
1717162616352 0.0005922311102040112 17
1717162624838 0.0005852332105860114 18
