1717162470648 0.11937686055898666 0
1717162479091 0.019758347421884537 1
1717162487517 0.011336741037666798 2
1717162495884 0.006948530208319426 3
1717162504356 0.0046519204042851925 4
1717162512782 0.0037380019202828407 5
1717162521277 0.003317358437925577 6
1717162530150 0.003034228226169944 7
1717162539498 0.002810182049870491 8
1717162547876 0.0026711937971413136 9
1717162556618 0.0026522770058363676 10
1717162565184 0.002583734691143036 11
1717162573512 0.0025589691940695047 12
1717162582079 0.0025624458212405443 13
1717162590519 0.0025103564839810133 14
1717162599023 0.002483777701854706 15
1717162607619 0.002539865206927061 16
1717162616352 0.002500945469364524 17
1717162624838 0.0024640474002808332 18
