1717162470648 0.0009419123525731266 0
1717162479091 0.0013441236224025488 1
1717162487517 0.0030082417652010918 2
1717162495884 0.011850366368889809 3
1717162504356 0.04983944073319435 4
1717162512782 0.11230302602052689 5
1717162521277 0.2542895972728729 6
1717162530150 0.33374106884002686 7
1717162539498 0.38806575536727905 8
1717162547876 0.4217466711997986 9
1717162556618 0.44711291790008545 10
1717162565184 0.4574996829032898 11
1717162573512 0.4579550623893738 12
1717162582079 0.479509174823761 13
1717162590519 0.4817122519016266 14
1717162599023 0.49246031045913696 15
1717162607619 0.48541897535324097 16
1717162616352 0.5000793933868408 17
1717162624838 0.5062013864517212 18
