1717162470648 0.0008240384049713612 0
1717162479091 0.0 1
1717162487517 0.0 2
1717162495884 0.0 3
1717162504356 0.0 4
1717162512782 0.0 5
1717162521277 0.0 6
1717162530150 0.6666666865348816 7
1717162539498 0.6456692814826965 8
1717162547876 0.6296296119689941 9
1717162556618 0.692307710647583 10
1717162565184 0.6734104156494141 11
1717162573512 0.6740947365760803 12
1717162582079 0.6872037649154663 13
1717162590519 0.6988505721092224 14
1717162599023 0.6898733973503113 15
1717162607619 0.6984127163887024 16
1717162616352 0.7204968929290771 17
1717162624838 0.6890130639076233 18
