1717162470648 0.028975509107112885 0
1717162479091 0.0 1
1717162487517 0.0 2
1717162495884 0.0 3
1717162504356 0.0 4
1717162512782 0.0 5
1717162521277 0.0 6
1717162530150 0.0034494653809815645 7
1717162539498 0.028285615146160126 8
1717162547876 0.04691272974014282 9
1717162556618 0.07450845092535019 10
1717162565184 0.08037254214286804 11
1717162573512 0.08347705751657486 12
1717162582079 0.10003449767827988 13
1717162590519 0.10486374795436859 14
1717162599023 0.11279751360416412 15
1717162607619 0.10624353587627411 16
1717162616352 0.1200413927435875 17
1717162624838 0.12763021886348724 18
