1717162470648 3198495.0 0
1717162479091 3300348.0 1
1717162487517 3300348.0 2
1717162495884 3300348.0 3
1717162504356 3300348.0 4
1717162512782 3300348.0 5
1717162521277 3300346.0 6
1717162530150 3300343.0 7
1717162539498 3300303.0 8
1717162547876 3300268.0 9
1717162556618 3300252.0 10
1717162565184 3300235.0 11
1717162573512 3300231.0 12
1717162582079 3300216.0 13
1717162590519 3300217.0 14
1717162599023 3300201.0 15
1717162607619 3300215.0 16
1717162616352 3300213.0 17
1717162624838 3300181.0 18
