1726845034299 0.9990969300270081 0
1726845044744 0.9992377161979675 1
1726845054832 0.9995546936988831 2
1726845064538 0.9996642470359802 3
1726845074285 0.9997109174728394 4
1726845084799 0.9997284412384033 5
1726845095369 0.9997372031211853 6
1726845106135 0.9997553825378418 7
1726845117286 0.9997457265853882 8
1726845128336 0.9997496604919434 9
1726845139670 0.9997581243515015 10
1726845151262 0.9997550845146179 11
1726845162912 0.9997653961181641 12
1726845173480 0.9997632503509521 13
1726845183447 0.9997690320014954 14
1726845193325 0.9997650980949402 15
1726845202612 0.9997714161872864 16
1726845211649 0.9997572302818298 17
1726845220421 0.999769926071167 18
1726845229145 0.9997690320014954 19
1726845237823 0.999769926071167 20
1726845246512 0.9997783899307251 21
1726845255277 0.9997747540473938 22
1726845264148 0.9997826218605042 23
1726845272929 0.9997826218605042 24
1726845281722 0.9997856616973877 25
1726845290410 0.9997841715812683 26
1726845299108 0.9997738599777222 27
1726845307775 0.9997932314872742 28
1726845316451 0.9997814297676086 29
1726845325079 0.9997802376747131 30
1726845333729 0.999789297580719 31
1726845342379 0.9997923374176025 32
1726845351088 0.9998029470443726 33
1726845359798 0.9997968673706055 34
1726845368412 0.9997929334640503 35
1726845377191 0.9997953772544861 36
1726845385849 0.999799907207489 37
1726845394573 0.9997947216033936 38
1726845403286 0.999789297580719 39
1726845412053 0.9997971653938293 40
1726845421291 0.999789297580719 41
1726845430169 0.9997947216033936 42
1726845438838 0.9997878074645996 43
1726845447533 0.9997910857200623 44
1726845456201 0.9997953772544861 45
1726845465208 0.9998114109039307 46
1726845474216 0.9997941255569458 47
1726845483154 0.9997971653938293 48
1726845492057 0.9998062252998352 49
1726845500962 0.9997941255569458 50
1726845509585 0.999799907207489 51
1726845518242 0.9997950792312622 52
1726845526906 0.9997938275337219 53
1726845535543 0.9998002052307129 54
1726845544217 0.999798059463501 55
1726845553097 0.9997944235801697 56
1726845561768 0.9998056292533875 57
1726845570471 0.9997968673706055 58
1726845579308 0.9997983574867249 59
1726845586600 0.9998062252998352 60
