1726845034299 0.8001152873039246 0
1726845044744 0.962511420249939 1
1726845054832 0.9777015447616577 2
1726845064538 0.9804060459136963 3
1726845074285 0.9794033169746399 4
1726845084799 0.9780325889587402 5
1726845095369 0.9794193506240845 6
1726845106135 0.9785647392272949 7
1726845117286 0.979943037033081 8
1726845128336 0.9782183170318604 9
1726845139670 0.9796034693717957 10
1726845151262 0.9841083884239197 11
1726845162912 0.9855799674987793 12
1726845173480 0.9862799048423767 13
1726845183447 0.9869683384895325 14
1726845193325 0.987305760383606 15
1726845202612 0.9895562529563904 16
1726845211649 0.9890137910842896 17
1726845220421 0.9886672496795654 18
1726845229145 0.9902423620223999 19
1726845237823 0.9900544881820679 20
1726845246512 0.9914392232894897 21
1726845255277 0.9909310340881348 22
1726845264148 0.991615891456604 23
1726845272929 0.9911063313484192 24
1726845281722 0.9926648736000061 25
1726845290410 0.9919489622116089 26
1726845299108 0.992115318775177 27
1726845307775 0.9922981858253479 28
1726845316451 0.9929928183555603 29
1726845325079 0.9919474720954895 30
1726845333729 0.9921361207962036 31
1726845342379 0.9924700856208801 32
1726845351088 0.9926552772521973 33
1726845359798 0.9924615025520325 34
1726845368412 0.9924660325050354 35
1726845377191 0.9924753904342651 36
1726845385849 0.9928221702575684 37
1726845394573 0.992965817451477 38
1726845403286 0.992479145526886 39
1726845412053 0.9923149943351746 40
1726845421291 0.9942076802253723 41
1726845430169 0.9933508634567261 42
1726845438838 0.9928308725357056 43
1726845447533 0.9931633472442627 44
1726845456201 0.993698000907898 45
1726845465208 0.9931747317314148 46
1726845474216 0.9943889379501343 47
1726845483154 0.9938536882400513 48
1726845492057 0.9931899905204773 49
1726845500962 0.9947243332862854 50
1726845509585 0.9947166442871094 51
1726845518242 0.9938493371009827 52
1726845526906 0.9945400953292847 53
1726845535543 0.9947190880775452 54
1726845544217 0.9943892955780029 55
1726845553097 0.9938573241233826 56
1726845561768 0.9940544366836548 57
1726845570471 0.9952489733695984 58
1726845579308 0.9938681721687317 59
1726845586600 0.9931899905204773 60
