1726845034299 0.0008643556502647698 0
1726845044744 0.0006087085930630565 1
1726845054832 0.00034561328357085586 2
1726845064538 0.0002648452646099031 3
1726845074285 0.00022835368872620165 4
1726845084799 0.0002182049211114645 5
1726845095369 0.00020458496874198318 6
1726845106135 0.00019626872381195426 7
1726845117286 0.00020249882072675973 8
1726845128336 0.00019874365534633398 9
1726845139670 0.00019328527559991926 10
1726845151262 0.00019427164806984365 11
1726845162912 0.00018858796101994812 12
1726845173480 0.00018530184752307832 13
1726845183447 0.00018272358283866197 14
1726845193325 0.00018930483201984316 15
1726845202612 0.0001804547500796616 16
1726845211649 0.00019344613247085363 17
1726845220421 0.000181731884367764 18
1726845229145 0.00018537450523581356 19
1726845237823 0.0001809716341085732 20
1726845246512 0.0001770526432665065 21
1726845255277 0.0001761727180564776 22
1726845264148 0.00017031352035701275 23
1726845272929 0.00017452369502279907 24
1726845281722 0.00017072736227419227 25
1726845290410 0.00017253131954930723 26
1726845299108 0.00017700745956972241 27
1726845307775 0.00016488555411342531 28
1726845316451 0.0001723125169519335 29
1726845325079 0.0001804105268092826 30
1726845333729 0.00017220264999195933 31
1726845342379 0.0001646389573579654 32
1726845351088 0.00015968004299793392 33
1726845359798 0.00016534373571630567 34
1726845368412 0.00016471608250867575 35
1726845377191 0.00016699053230695426 36
1726845385849 0.0001622621202841401 37
1726845394573 0.00016445410437881947 38
1726845403286 0.00016946802497841418 39
1726845412053 0.0001634180371183902 40
1726845421291 0.0001691493671387434 41
1726845430169 0.0001617836969671771 42
1726845438838 0.00016851373948156834 43
1726845447533 0.00016713856894057244 44
1726845456201 0.00016527093248441815 45
1726845465208 0.00015367571904789656 46
1726845474216 0.0001657670218264684 47
1726845483154 0.00016627048898953944 48
1726845492057 0.00015612189599778503 49
1726845500962 0.00016424822388216853 50
1726845509585 0.00015966355567798018 51
1726845518242 0.00016690065967850387 52
1726845526906 0.00016572614549659193 53
1726845535543 0.00016067354590632021 54
1726845544217 0.0001610050821909681 55
1726845553097 0.00016535172471776605 56
1726845561768 0.0001586028520250693 57
1726845570471 0.00016175246855709702 58
1726845579308 0.000160496449097991 59
1726845586600 0.00015612189599778503 60
