1726845034299 2867.0 0
1726845044744 2138.0 1
1726845054832 1139.0 2
1726845064538 789.0 3
1726845074285 677.0 4
1726845084799 629.0 5
1726845095369 596.0 6
1726845106135 555.0 7
1726845117286 588.0 8
1726845128336 570.0 9
1726845139670 550.0 10
1726845151262 552.0 11
1726845162912 533.0 12
1726845173480 524.0 13
1726845183447 518.0 14
1726845193325 530.0 15
1726845202612 509.0 16
1726845211649 551.0 17
1726845220421 522.0 18
1726845229145 516.0 19
1726845237823 529.0 20
1726845246512 495.0 21
1726845255277 495.0 22
1726845264148 487.0 23
1726845272929 492.0 24
1726845281722 481.0 25
1726845290410 488.0 26
1726845299108 510.0 27
1726845307775 470.0 28
1726845316451 498.0 29
1726845325079 498.0 30
1726845333729 476.0 31
1726845342379 462.0 32
1726845351088 442.0 33
1726845359798 462.0 34
1726845368412 472.0 35
1726845377191 469.0 36
1726845385849 446.0 37
1726845394573 469.0 38
1726845403286 482.0 39
1726845412053 462.0 40
1726845421291 482.0 41
1726845430169 472.0 42
1726845438838 488.0 43
1726845447533 476.0 44
1726845456201 461.0 45
1726845465208 419.0 46
1726845474216 466.0 47
1726845483154 463.0 48
1726845492057 433.0 49
1726845500962 467.0 50
1726845509585 449.0 51
1726845518242 466.0 52
1726845526906 472.0 53
1726845535543 455.0 54
1726845544217 459.0 55
1726845553097 470.0 56
1726845561768 439.0 57
1726845570471 456.0 58
1726845579308 460.0 59
1726845586600 433.0 60
