1726845034299 116.0 0
1726845044744 380.0 1
1726845054832 332.0 2
1726845064538 320.0 3
1726845074285 278.0 4
1726845084799 268.0 5
1726845095369 272.0 6
1726845106135 253.0 7
1726845117286 252.0 8
1726845128336 257.0 9
1726845139670 249.0 10
1726845151262 257.0 11
1726845162912 242.0 12
1726845173480 258.0 13
1726845183447 245.0 14
1726845193325 246.0 15
1726845202612 246.0 16
1726845211649 251.0 17
1726845220421 238.0 18
1726845229145 247.0 19
1726845237823 231.0 20
1726845246512 237.0 21
1726845255277 249.0 22
1726845264148 231.0 23
1726845272929 226.0 24
1726845281722 227.0 25
1726845290410 225.0 26
1726845299108 237.0 27
1726845307775 213.0 28
1726845316451 224.0 29
1726845325079 228.0 30
1726845333729 220.0 31
1726845342379 224.0 32
1726845351088 209.0 33
1726845359798 209.0 34
1726845368412 212.0 35
1726845377191 207.0 36
1726845385849 215.0 37
1726845394573 209.0 38
1726845403286 214.0 39
1726845412053 208.0 40
1726845421291 214.0 41
1726845430169 206.0 42
1726845438838 213.0 43
1726845447533 214.0 44
1726845456201 215.0 45
1726845465208 204.0 46
1726845474216 214.0 47
1726845483154 207.0 48
1726845492057 207.0 49
1726845500962 213.0 50
1726845509585 212.0 51
1726845518242 211.0 52
1726845526906 209.0 53
1726845535543 205.0 54
1726845544217 208.0 55
1726845553097 209.0 56
1726845561768 203.0 57
1726845570471 215.0 58
1726845579308 206.0 59
1726845586600 207.0 60
