1726845034299 0.004980250261723995 0
1726845044744 0.0025760603602975607 1
1726845054832 0.0014727255329489708 2
1726845064538 0.0011734936852008104 3
1726845074285 0.0010572293540462852 4
1726845084799 0.001026076264679432 5
1726845095369 0.0009738620719872415 6
1726845106135 0.000931604125071317 7
1726845117286 0.000976293464191258 8
1726845128336 0.0009676965419203043 9
1726845139670 0.0009212871664203703 10
1726845151262 0.0009228199487552047 11
1726845162912 0.0009095862042158842 12
1726845173480 0.0008908559684641659 13
1726845183447 0.0008771360153332353 14
1726845193325 0.0009005606407299638 15
1726845202612 0.0008595570689067245 16
1726845211649 0.0009100408060476184 17
1726845220421 0.0008606850169599056 18
1726845229145 0.0008625980699434876 19
1726845237823 0.0008641941240057349 20
1726845246512 0.000830825709272176 21
1726845255277 0.0008185851038433611 22
1726845264148 0.0007994617335498333 23
1726845272929 0.0008298364700749516 24
1726845281722 0.0008172711241059005 25
1726845290410 0.0008183836471289396 26
1726845299108 0.0008354365127161145 27
1726845307775 0.0008006261778064072 28
1726845316451 0.0007961118244566023 29
1726845325079 0.0008503842982463539 30
1726845333729 0.0008187936036847532 31
1726845342379 0.000781642971560359 32
1726845351088 0.0007701081340201199 33
1726845359798 0.0008047493756748736 34
1726845368412 0.0007888096151873469 35
1726845377191 0.0007889950065873563 36
1726845385849 0.0007719527930021286 37
1726845394573 0.0007857893942855299 38
1726845403286 0.0008108560577966273 39
1726845412053 0.000778336834628135 40
1726845421291 0.0008000171510502696 41
1726845430169 0.0007538775680586696 42
1726845438838 0.0008021648391149938 43
1726845447533 0.0007871001143939793 44
1726845456201 0.0007772380486130714 45
1726845465208 0.0007424509385600686 46
1726845474216 0.0007890952401794493 47
1726845483154 0.0007924388046376407 48
1726845492057 0.0007439099135808647 49
1726845500962 0.0007793582044541836 50
1726845509585 0.0007641420233994722 51
1726845518242 0.000778554065618664 52
1726845526906 0.0007907372782938182 53
1726845535543 0.0007665627053938806 54
1726845544217 0.0007341837044805288 55
1726845553097 0.0007861132035031915 56
1726845561768 0.0007455642917193472 57
1726845570471 0.0007588245789520442 58
1726845579308 0.0007477209437638521 59
1726845586600 0.0007439099135808647 60
