1726845034299 0.052752889692783356 0
1726845044744 0.47868844866752625 1
1726845054832 0.7813174724578857 2
1726845064538 0.8451741337776184 3
1726845074285 0.8724275827407837 4
1726845084799 0.8754896521568298 5
1726845095369 0.8832293748855591 6
1726845106135 0.8907951712608337 7
1726845117286 0.8844685554504395 8
1726845128336 0.8796463012695312 9
1726845139670 0.8929260969161987 10
1726845151262 0.8891929388046265 11
1726845162912 0.8877590894699097 12
1726845173480 0.8945021033287048 13
1726845183447 0.8978095650672913 14
1726845193325 0.8912198543548584 15
1726845202612 0.8976985216140747 16
1726845211649 0.8895577192306519 17
1726845220421 0.8957788944244385 18
1726845229145 0.8994805812835693 19
1726845237823 0.8998655080795288 20
1726845246512 0.9020473957061768 21
1726845255277 0.9022223949432373 22
1726845264148 0.9104692339897156 23
1726845272929 0.9053921699523926 24
1726845281722 0.9061681628227234 25
1726845290410 0.9019766449928284 26
1726845299108 0.9012617468833923 27
1726845307775 0.9070380926132202 28
1726845316451 0.9051676988601685 29
1726845325079 0.8990907669067383 30
1726845333729 0.902376651763916 31
1726845342379 0.9077234864234924 32
1726845351088 0.9097174406051636 33
1726845359798 0.9040604829788208 34
1726845368412 0.9084643125534058 35
1726845377191 0.9091892242431641 36
1726845385849 0.9132990837097168 37
1726845394573 0.9058399200439453 38
1726845403286 0.9062837958335876 39
1726845412053 0.9121193885803223 40
1726845421291 0.909504771232605 41
1726845430169 0.9164407253265381 42
1726845438838 0.906875729560852 43
1726845447533 0.9115643501281738 44
1726845456201 0.9123181104660034 45
1726845465208 0.9143032431602478 46
1726845474216 0.9097137451171875 47
1726845483154 0.9071199297904968 48
1726845492057 0.915930986404419 49
1726845500962 0.9098288416862488 50
1726845509585 0.9138651490211487 51
1726845518242 0.9132850170135498 52
1726845526906 0.9092540740966797 53
1726845535543 0.9121875762939453 54
1726845544217 0.9200921654701233 55
1726845553097 0.9098742008209229 56
1726845561768 0.9164561629295349 57
1726845570471 0.9145189523696899 58
1726845579308 0.918020486831665 59
1726845586600 0.915930986404419 60
