1726845034299 0.21621622145175934 0
1726845044744 0.6669588088989258 1
1726845054832 0.8413001894950867 2
1726845064538 0.8683127760887146 3
1726845074285 0.8888000249862671 4
1726845084799 0.8944050669670105 5
1726845095369 0.8943689465522766 6
1726845106135 0.9025799036026001 7
1726845117286 0.9016777276992798 8
1726845128336 0.9006187319755554 9
1726845139670 0.9041570425033569 10
1726845151262 0.9013056755065918 11
1726845162912 0.9072085618972778 12
1726845173480 0.9020128846168518 13
1726845183447 0.9067022204399109 14
1726845193325 0.9059273600578308 15
1726845202612 0.9066767692565918 16
1726845211649 0.9034243822097778 17
1726845220421 0.9089866280555725 18
1726845229145 0.9060836434364319 19
1726845237823 0.911188006401062 20
1726845246512 0.9102612733840942 21
1726845255277 0.9061439633369446 22
1726845264148 0.9125993251800537 23
1726845272929 0.9141663312911987 24
1726845281722 0.9141777157783508 25
1726845290410 0.914643406867981 26
1726845299108 0.9097486734390259 27
1726845307775 0.9193792343139648 28
1726845316451 0.9146666526794434 29
1726845325079 0.9132750034332275 30
1726845333729 0.9167612791061401 31
1726845342379 0.9158211350440979 32
1726845351088 0.9216054081916809 33
1726845359798 0.9210128784179688 34
1726845368412 0.9196665287017822 35
1726845377191 0.9215016961097717 36
1726845385849 0.919415295124054 37
1726845394573 0.9208033084869385 38
1726845403286 0.9186621308326721 39
1726845412053 0.9213610291481018 40
1726845421291 0.9186621308326721 41
1726845430169 0.921762228012085 42
1726845438838 0.9188262224197388 43
1726845447533 0.9188472032546997 44
1726845456201 0.9189596772193909 45
1726845465208 0.9239940643310547 46
1726845474216 0.9191537499427795 47
1726845483154 0.9216799139976501 48
1726845492057 0.9225589036941528 49
1726845500962 0.9194707274436951 50
1726845509585 0.9203606247901917 51
1726845518242 0.9201966524124146 52
1726845526906 0.9207131862640381 53
1726845535543 0.9226123094558716 54
1726845544217 0.921450138092041 55
1726845553097 0.9207733273506165 56
1726845561768 0.9237701892852783 57
1726845570471 0.9191120862960815 58
1726845579308 0.9221171736717224 59
1726845586600 0.9225589036941528 60
