1726845034299 0.011038289405405521 0
1726845044744 0.26250430941581726 1
1726845054832 0.6071059107780457 2
1726845064538 0.7278372049331665 3
1726845074285 0.7664712071418762 4
1726845084799 0.7830286026000977 5
1726845095369 0.794411838054657 6
1726845106135 0.8085546493530273 7
1726845117286 0.797171413898468 8
1726845128336 0.8033804893493652 9
1726845139670 0.8102794289588928 10
1726845151262 0.8095895051956177 11
1726845162912 0.8161435127258301 12
1726845173480 0.8192480206489563 13
1726845183447 0.8213176727294922 14
1726845193325 0.8171783089637756 15
1726845202612 0.8244222402572632 16
1726845211649 0.8099344372749329 17
1726845220421 0.8199378848075867 18
1726845229145 0.8220075964927673 19
1726845237823 0.8175233006477356 20
1726845246512 0.8292514681816101 21
1726845255277 0.8292514681816101 22
1726845264148 0.8320110440254211 23
1726845272929 0.8302863240242004 24
1726845281722 0.834080696105957 25
1726845290410 0.831666111946106 26
1726845299108 0.8240772485733032 27
1726845307775 0.8378751277923584 28
1726845316451 0.8282166123390198 29
1726845325079 0.8282166123390198 30
1726845333729 0.8358054757118225 31
1726845342379 0.8406347036361694 32
1726845351088 0.847533643245697 33
1726845359798 0.8406347036361694 34
1726845368412 0.837185263633728 35
1726845377191 0.8382200598716736 36
1726845385849 0.8461538553237915 37
1726845394573 0.8382200598716736 38
1726845403286 0.8337357640266418 39
1726845412053 0.8406347036361694 40
1726845421291 0.8337357640266418 41
1726845430169 0.837185263633728 42
1726845438838 0.831666111946106 43
1726845447533 0.8358054757118225 44
1726845456201 0.8409796357154846 45
1726845465208 0.8554673790931702 46
1726845474216 0.8392549157142639 47
1726845483154 0.8402897715568542 48
1726845492057 0.8506381511688232 49
1726845500962 0.8389099836349487 50
1726845509585 0.8451189994812012 51
1726845518242 0.8392549157142639 52
1726845526906 0.837185263633728 53
1726845535543 0.8430493474006653 54
1726845544217 0.8416695594787598 55
1726845553097 0.8378751277923584 56
1726845561768 0.8485684990882874 57
1726845570471 0.8427043557167053 58
1726845579308 0.8413245677947998 59
1726845586600 0.8506381511688232 60
