1726845034299 3300232.0 0
1726845044744 3299968.0 1
1726845054832 3300016.0 2
1726845064538 3300028.0 3
1726845074285 3300070.0 4
1726845084799 3300080.0 5
1726845095369 3300076.0 6
1726845106135 3300095.0 7
1726845117286 3300096.0 8
1726845128336 3300091.0 9
1726845139670 3300099.0 10
1726845151262 3300091.0 11
1726845162912 3300106.0 12
1726845173480 3300090.0 13
1726845183447 3300103.0 14
1726845193325 3300102.0 15
1726845202612 3300102.0 16
1726845211649 3300097.0 17
1726845220421 3300110.0 18
1726845229145 3300101.0 19
1726845237823 3300117.0 20
1726845246512 3300111.0 21
1726845255277 3300099.0 22
1726845264148 3300117.0 23
1726845272929 3300122.0 24
1726845281722 3300121.0 25
1726845290410 3300123.0 26
1726845299108 3300111.0 27
1726845307775 3300135.0 28
1726845316451 3300124.0 29
1726845325079 3300120.0 30
1726845333729 3300128.0 31
1726845342379 3300124.0 32
1726845351088 3300139.0 33
1726845359798 3300139.0 34
1726845368412 3300136.0 35
1726845377191 3300141.0 36
1726845385849 3300133.0 37
1726845394573 3300139.0 38
1726845403286 3300134.0 39
1726845412053 3300140.0 40
1726845421291 3300134.0 41
1726845430169 3300142.0 42
1726845438838 3300135.0 43
1726845447533 3300134.0 44
1726845456201 3300133.0 45
1726845465208 3300144.0 46
1726845474216 3300134.0 47
1726845483154 3300141.0 48
1726845492057 3300141.0 49
1726845500962 3300135.0 50
1726845509585 3300136.0 51
1726845518242 3300137.0 52
1726845526906 3300139.0 53
1726845535543 3300143.0 54
1726845544217 3300140.0 55
1726845553097 3300139.0 56
1726845561768 3300145.0 57
1726845570471 3300133.0 58
1726845579308 3300142.0 59
1726845586600 3300141.0 60
