1726845034299 32.0 0
1726845044744 761.0 1
1726845054832 1760.0 2
1726845064538 2110.0 3
1726845074285 2222.0 4
1726845084799 2270.0 5
1726845095369 2303.0 6
1726845106135 2344.0 7
1726845117286 2311.0 8
1726845128336 2329.0 9
1726845139670 2349.0 10
1726845151262 2347.0 11
1726845162912 2366.0 12
1726845173480 2375.0 13
1726845183447 2381.0 14
1726845193325 2369.0 15
1726845202612 2390.0 16
1726845211649 2348.0 17
1726845220421 2377.0 18
1726845229145 2383.0 19
1726845237823 2370.0 20
1726845246512 2404.0 21
1726845255277 2404.0 22
1726845264148 2412.0 23
1726845272929 2407.0 24
1726845281722 2418.0 25
1726845290410 2411.0 26
1726845299108 2389.0 27
1726845307775 2429.0 28
1726845316451 2401.0 29
1726845325079 2401.0 30
1726845333729 2423.0 31
1726845342379 2437.0 32
1726845351088 2457.0 33
1726845359798 2437.0 34
1726845368412 2427.0 35
1726845377191 2430.0 36
1726845385849 2453.0 37
1726845394573 2430.0 38
1726845403286 2417.0 39
1726845412053 2437.0 40
1726845421291 2417.0 41
1726845430169 2427.0 42
1726845438838 2411.0 43
1726845447533 2423.0 44
1726845456201 2438.0 45
1726845465208 2480.0 46
1726845474216 2433.0 47
1726845483154 2436.0 48
1726845492057 2466.0 49
1726845500962 2432.0 50
1726845509585 2450.0 51
1726845518242 2433.0 52
1726845526906 2427.0 53
1726845535543 2444.0 54
1726845544217 2440.0 55
1726845553097 2429.0 56
1726845561768 2460.0 57
1726845570471 2443.0 58
1726845579308 2439.0 59
1726845586600 2466.0 60
