1717400653849 0.8268537521362305 0
1717400662260 0.9478278160095215 1
1717400670962 0.945746123790741 2
1717400679356 0.9524929523468018 3
1717400688090 0.9504171013832092 4
1717400696784 0.9781243801116943 5
1717400705500 0.9830263257026672 6
1717400713993 0.9835679531097412 7
1717400722561 0.9866429567337036 8
1717400731276 0.9883893132209778 9
1717400739667 0.990426242351532 10
1717400748267 0.9896320104598999 11
1717400756788 0.9918049573898315 12
1717400765222 0.9900875687599182 13
1717400773939 0.9910383820533752 14
1717400782380 0.9913145303726196 15
1717400791256 0.9908135533332825 16
1717400799802 0.9909868240356445 17
1717400808316 0.9908250570297241 18
1717400816684 0.9916825294494629 19
1717400825373 0.9908298254013062 20
1717400833892 0.9918621182441711 21
1717400842276 0.9918667078018188 22
1717400850755 0.9901291131973267 23
1717400859410 0.9908336997032166 24
1717400868162 0.9915593266487122 25
1717400876985 0.9929563403129578 26
1717400885601 0.9915830492973328 27
1717400894303 0.9921043515205383 28
1717400902894 0.991416871547699 29
1717400911349 0.9912403225898743 30
1717400919919 0.9900323152542114 31
1717400928433 0.9910712242126465 32
1717400937028 0.9931386709213257 33
1717400945594 0.9929695129394531 34
1717400954215 0.9926266074180603 35
1717400962669 0.9917592406272888 36
1717400971317 0.9926243424415588 37
1717400979892 0.9922776222229004 38
1717400988487 0.9933167099952698 39
1717400997557 0.9928015470504761 40
1717401006418 0.9931477904319763 41
1717401015027 0.9943561553955078 42
1717401023504 0.9931395053863525 43
1717401032272 0.9936686754226685 44
1717401040860 0.9938334226608276 45
1717401049403 0.992975652217865 46
1717401058089 0.9929724335670471 47
1717401066696 0.9945215582847595 48
1717401075278 0.9931492209434509 49
1717401083920 0.9933272004127502 50
1717401092439 0.9936718344688416 51
1717401101178 0.9931483268737793 52
1717401109892 0.9948785901069641 53
1717401118530 0.9938405156135559 54
