1717400653849 2776.0 0
1717400662260 1569.0 1
1717400670962 1089.0 2
1717400679356 931.0 3
1717400688090 861.0 4
1717400696784 801.0 5
1717400705500 771.0 6
1717400713993 754.0 7
1717400722561 758.0 8
1717400731276 731.0 9
1717400739667 717.0 10
1717400748267 687.0 11
1717400756788 684.0 12
1717400765222 640.0 13
1717400773939 648.0 14
1717400782380 629.0 15
1717400791256 608.0 16
1717400799802 608.0 17
1717400808316 569.0 18
1717400816684 555.0 19
1717400825373 537.0 20
1717400833892 549.0 21
1717400842276 545.0 22
1717400850755 591.0 23
1717400859410 522.0 24
1717400868162 519.0 25
1717400876985 542.0 26
1717400885601 495.0 27
1717400894303 509.0 28
1717400902894 475.0 29
1717400911349 496.0 30
1717400919919 482.0 31
1717400928433 466.0 32
1717400937028 515.0 33
1717400945594 483.0 34
1717400954215 466.0 35
1717400962669 467.0 36
1717400971317 459.0 37
1717400979892 502.0 38
1717400988487 450.0 39
1717400997557 477.0 40
1717401006418 498.0 41
1717401015027 470.0 42
1717401023504 500.0 43
1717401032272 470.0 44
1717401040860 482.0 45
1717401049403 483.0 46
1717401058089 481.0 47
1717401066696 479.0 48
1717401075278 472.0 49
1717401083920 453.0 50
1717401092439 453.0 51
1717401101178 434.0 52
1717401109892 447.0 53
1717401118530 466.0 54
