1717400653849 209.0 0
1717400662260 393.0 1
1717400670962 300.0 2
1717400679356 264.0 3
1717400688090 246.0 4
1717400696784 231.0 5
1717400705500 207.0 6
1717400713993 207.0 7
1717400722561 216.0 8
1717400731276 213.0 9
1717400739667 199.0 10
1717400748267 215.0 11
1717400756788 210.0 12
1717400765222 197.0 13
1717400773939 208.0 14
1717400782380 208.0 15
1717400791256 194.0 16
1717400799802 195.0 17
1717400808316 202.0 18
1717400816684 199.0 19
1717400825373 191.0 20
1717400833892 172.0 21
1717400842276 191.0 22
1717400850755 198.0 23
1717400859410 187.0 24
1717400868162 190.0 25
1717400876985 191.0 26
1717400885601 184.0 27
1717400894303 191.0 28
1717400902894 184.0 29
1717400911349 182.0 30
1717400919919 182.0 31
1717400928433 192.0 32
1717400937028 192.0 33
1717400945594 182.0 34
1717400954215 187.0 35
1717400962669 193.0 36
1717400971317 179.0 37
1717400979892 177.0 38
1717400988487 180.0 39
1717400997557 173.0 40
1717401006418 183.0 41
1717401015027 179.0 42
1717401023504 179.0 43
1717401032272 170.0 44
1717401040860 177.0 45
1717401049403 177.0 46
1717401058089 181.0 47
1717401066696 167.0 48
1717401075278 159.0 49
1717401083920 179.0 50
1717401092439 160.0 51
1717401101178 170.0 52
1717401109892 160.0 53
1717401118530 168.0 54
