1717400653849 0.004494838882237673 0
1717400662260 0.0022161747328937054 1
1717400670962 0.0016345579642802477 2
1717400679356 0.001413911348208785 3
1717400688090 0.001363101415336132 4
1717400696784 0.001312774489633739 5
1717400705500 0.0012431468348950148 6
1717400713993 0.0012060211738571525 7
1717400722561 0.0011766586685553193 8
1717400731276 0.0011314628645777702 9
1717400739667 0.0011370969004929066 10
1717400748267 0.001086302101612091 11
1717400756788 0.0011021815007552505 12
1717400765222 0.0010505911195650697 13
1717400773939 0.0010241856798529625 14
1717400782380 0.0009743404225446284 15
1717400791256 0.0009426443721167743 16
1717400799802 0.0009410509956069291 17
1717400808316 0.0009128011879511178 18
1717400816684 0.0009153303690254688 19
1717400825373 0.0008733953582122922 20
1717400833892 0.0008676923462189734 21
1717400842276 0.0008953888318501413 22
1717400850755 0.0009173918515443802 23
1717400859410 0.0008603792521171272 24
1717400868162 0.000823644339106977 25
1717400876985 0.0008230535895563662 26
1717400885601 0.000801120710093528 27
1717400894303 0.0007984692347235978 28
1717400902894 0.0007871671696193516 29
1717400911349 0.0008001895039342344 30
1717400919919 0.000787851051427424 31
1717400928433 0.0007846498629078269 32
1717400937028 0.000791852013207972 33
1717400945594 0.0007626948063261807 34
1717400954215 0.0007629161700606346 35
1717400962669 0.0007639733958058059 36
1717400971317 0.0007610880420543253 37
1717400979892 0.0007784910849295557 38
1717400988487 0.0007487075054086745 39
1717400997557 0.0007502734661102295 40
1717401006418 0.0007632081978954375 41
1717401015027 0.0007479189662262797 42
1717401023504 0.0007845615036785603 43
1717401032272 0.000731459294911474 44
1717401040860 0.0007481257780455053 45
1717401049403 0.0007514340104535222 46
1717401058089 0.0007477225153706968 47
1717401066696 0.0007484943489544094 48
1717401075278 0.0007379453163594007 49
1717401083920 0.0007380813476629555 50
1717401092439 0.0007132627652026713 51
1717401101178 0.0007181834080256522 52
1717401109892 0.000713042332790792 53
1717401118530 0.0007299025892280042 54
