1717400653849 0.10394100844860077 0
1717400662260 0.6333213448524475 1
1717400670962 0.7798231840133667 2
1717400679356 0.8150768280029297 3
1717400688090 0.8247676491737366 4
1717400696784 0.8329782485961914 5
1717400705500 0.840609073638916 6
1717400713993 0.8386549353599548 7
1717400722561 0.8491906523704529 8
1717400731276 0.8472672700881958 9
1717400739667 0.8461967706680298 10
1717400748267 0.858445942401886 11
1717400756788 0.8538477420806885 12
1717400765222 0.8570269346237183 13
1717400773939 0.863642692565918 14
1717400782380 0.8727132678031921 15
1717400791256 0.8771001100540161 16
1717400799802 0.8763242959976196 17
1717400808316 0.8812264204025269 18
1717400816684 0.8771156072616577 19
1717400825373 0.8853066563606262 20
1717400833892 0.8864907026290894 21
1717400842276 0.8828305602073669 22
1717400850755 0.8750194311141968 23
1717400859410 0.8872160911560059 24
1717400868162 0.894187867641449 25
1717400876985 0.8966749906539917 26
1717400885601 0.8979785442352295 27
1717400894303 0.8994232416152954 28
1717400902894 0.9009925127029419 29
1717400911349 0.900316596031189 30
1717400919919 0.8969905376434326 31
1717400928433 0.9034045934677124 32
1717400937028 0.8992265462875366 33
1717400945594 0.9051336050033569 34
1717400954215 0.9037973880767822 35
1717400962669 0.9033836126327515 36
1717400971317 0.905901312828064 37
1717400979892 0.9037413597106934 38
1717400988487 0.9064527750015259 39
1717400997557 0.9092892408370972 40
1717401006418 0.9029735922813416 41
1717401015027 0.90807044506073 42
1717401023504 0.9009864330291748 43
1717401032272 0.9105126261711121 44
1717401040860 0.9075080156326294 45
1717401049403 0.9099957346916199 46
1717401058089 0.9112561345100403 47
1717401066696 0.9065881967544556 48
1717401075278 0.9096800088882446 49
1717401083920 0.9097558259963989 50
1717401092439 0.914985179901123 51
1717401101178 0.9110767245292664 52
1717401109892 0.9153374433517456 53
1717401118530 0.908903956413269 54
