1717400653849 0.370481938123703 0
1717400662260 0.7719094753265381 1
1717400670962 0.8578199148178101 2
1717400679356 0.8817204236984253 3
1717400688090 0.8922942280769348 4
1717400696784 0.9008157849311829 5
1717400705500 0.9113490581512451 6
1717400713993 0.9119898080825806 7
1717400722561 0.908358097076416 8
1717400731276 0.9105417728424072 9
1717400739667 0.91642165184021 10
1717400748267 0.9114132523536682 11
1717400756788 0.9134020805358887 12
1717400765222 0.9197883009910583 13
1717400773939 0.9154127836227417 14
1717400782380 0.9160613417625427 15
1717400791256 0.9219315648078918 16
1717400799802 0.9215607643127441 17
1717400808316 0.9202211499214172 18
1717400816684 0.9217459559440613 19
1717400825373 0.925186038017273 20
1717400833892 0.9318001866340637 21
1717400842276 0.924950897693634 22
1717400850755 0.9209896326065063 23
1717400859410 0.9270671010017395 24
1717400868162 0.9260700345039368 25
1717400876985 0.9250392317771912 26
1717400885601 0.9289026260375977 27
1717400894303 0.9259976744651794 28
1717400902894 0.9294478297233582 29
1717400911349 0.9295938014984131 30
1717400919919 0.9299730658531189 31
1717400928433 0.9268571138381958 32
1717400937028 0.9254658222198486 33
1717400945594 0.9299461245536804 34
1717400954215 0.9286259412765503 35
1717400962669 0.9264761805534363 36
1717400971317 0.9316533207893372 37
1717400979892 0.9312354326248169 38
1717400988487 0.9315329194068909 39
1717400997557 0.9333333373069763 40
1717401006418 0.9291795492172241 41
1717401015027 0.9313650131225586 42
1717401023504 0.9305663108825684 43
1717401032272 0.934590220451355 44
1717401040860 0.931765615940094 45
1717401049403 0.9317392706871033 46
1717401058089 0.930357813835144 47
1717401066696 0.9354464411735535 48
1717401075278 0.9385150671005249 49
1717401083920 0.9318095445632935 50
1717401092439 0.9386032223701477 51
1717401101178 0.9354838728904724 52
1717401109892 0.9387442469596863 53
1717401118530 0.9354094862937927 54
