1717400653849 123.0 0
1717400662260 1330.0 1
1717400670962 1810.0 2
1717400679356 1968.0 3
1717400688090 2038.0 4
1717400696784 2098.0 5
1717400705500 2128.0 6
1717400713993 2145.0 7
1717400722561 2141.0 8
1717400731276 2168.0 9
1717400739667 2182.0 10
1717400748267 2212.0 11
1717400756788 2215.0 12
1717400765222 2259.0 13
1717400773939 2251.0 14
1717400782380 2270.0 15
1717400791256 2291.0 16
1717400799802 2291.0 17
1717400808316 2330.0 18
1717400816684 2344.0 19
1717400825373 2362.0 20
1717400833892 2350.0 21
1717400842276 2354.0 22
1717400850755 2308.0 23
1717400859410 2377.0 24
1717400868162 2380.0 25
1717400876985 2357.0 26
1717400885601 2404.0 27
1717400894303 2390.0 28
1717400902894 2424.0 29
1717400911349 2403.0 30
1717400919919 2417.0 31
1717400928433 2433.0 32
1717400937028 2384.0 33
1717400945594 2416.0 34
1717400954215 2433.0 35
1717400962669 2432.0 36
1717400971317 2440.0 37
1717400979892 2397.0 38
1717400988487 2449.0 39
1717400997557 2422.0 40
1717401006418 2401.0 41
1717401015027 2429.0 42
1717401023504 2399.0 43
1717401032272 2429.0 44
1717401040860 2417.0 45
1717401049403 2416.0 46
1717401058089 2418.0 47
1717401066696 2420.0 48
1717401075278 2427.0 49
1717401083920 2446.0 50
1717401092439 2446.0 51
1717401101178 2465.0 52
1717401109892 2452.0 53
1717401118530 2433.0 54
