1728064281526 0.9998579621315002 0
1728064299330 0.9998499155044556 1
1728064320517 0.999841570854187 2
1728064345020 0.9998424053192139 3
1728064366258 0.9998387694358826 4
1728064388515 0.9998289942741394 5
1728064410588 0.9998434782028198 6
1728064429477 0.9998451471328735 7
1728064445435 0.9998396039009094 8
1728064458973 0.9998449087142944 9
1728064475469 0.999847412109375 10
1728064496429 0.9998582601547241 11
1728064520060 0.999848484992981 12
1728064543367 0.9998535513877869 13
1728064566873 0.9998546242713928 14
1728064589542 0.9998577237129211 15
1728064605683 0.9998638033866882 16
1728064621946 0.9998612999916077 17
1728064642173 0.999864399433136 18
1728064667773 0.9998557567596436 19
1728064693957 0.999858558177948 20
1728064718452 0.9998652338981628 21
1728064741095 0.9998571276664734 22
1728064761149 0.9998624324798584 23
1728064783817 0.9998716115951538 24
1728064805592 0.9998680353164673 25
1728064827344 0.9998680353164673 26
1728064850023 0.9998685717582703 27
1728064873947 0.9998641014099121 28
1728064896900 0.9998769164085388 29
1728064918465 0.9998719096183777 30
1728064938774 0.999870777130127 31
1728064957433 0.9998738765716553 32
1728064978150 0.9998688697814941 33
1728064999786 0.9998669028282166 34
1728065024743 0.9998847246170044 35
1728065046189 0.999870777130127 36
1728065064476 0.9998688697814941 37
1728065086089 0.9998824596405029 38
1728065108951 0.9998671412467957 39
1728065132306 0.9998902678489685 40
1728065156948 0.999870777130127 41
1728065177564 0.9998822212219238 42
1728065197878 0.9998822212219238 43
1728065216648 0.9998752474784851 44
1728065239154 0.999876081943512 45
1728065276794 0.9998807907104492 46
1728065296573 0.9998847246170044 47
1728065320106 0.999881386756897 48
1728065342451 0.9998827576637268 49
1728065362999 0.9998830556869507 50
1728065385392 0.9998838901519775 51
1728065406280 0.9998819231987 52
1728065422497 0.9998797178268433 53
1728065441862 0.9998791217803955 54
1728065463366 0.9998916983604431 55
1728065481895 0.9998816251754761 56
1728065502138 0.9998772144317627 57
1728065524782 0.9998869299888611 58
1728065551439 0.9998816251754761 59
1728065572434 0.9998832941055298 60
1728065590200 0.9998964071273804 61
1728065605989 0.999881386756897 62
1728065622605 0.9998869299888611 63
1728065644548 0.9998891949653625 64
1728065668242 0.9998958706855774 65
1728065689270 0.9998832941055298 66
1728065712226 0.9998847246170044 67
1728065732561 0.9998897314071655 68
1728065752756 0.9998885989189148 69
1728065773910 0.9998944401741028 70
1728065794535 0.999904215335846 71
1728065815311 0.9998986124992371 72
1728065836001 0.9998955726623535 73
1728065859958 0.9998992085456848 74
1728065880399 0.9998927712440491 75
1728065901353 0.9998897314071655 76
1728065922701 0.999903678894043 77
1728065945580 0.9998961091041565 78
1728065967163 0.9998950362205505 79
1728065986778 0.9998911023139954 80
1728066009096 0.9998980760574341 81
1728066033619 0.9999030828475952 82
1728066059847 0.9999011158943176 83
1728066078253 0.9998975396156311 84
1728066097950 0.9998992085456848 85
1728066119186 0.9999039173126221 86
1728066140896 0.9999058842658997 87
1728066163278 0.9998972415924072 88
1728066184939 0.9999022483825684 89
1728066209601 0.9999045133590698 90
1728066234326 0.9999005794525146 91
1728066250916 0.9998939037322998 92
1728066267244 0.9998975396156311 93
1728066288730 0.9999083876609802 94
1728066311470 0.9998997449874878 95
1728066335965 0.9998967051506042 96
1728066361499 0.9999050498008728 97
1728066389152 0.9999075531959534 98
1728066414794 0.9999022483825684 99
