1728064281526 0.9812785387039185 0
1728064299330 0.986920177936554 1
1728064320517 0.9892964363098145 2
1728064345020 0.991331934928894 3
1728064366258 0.9898150563240051 4
1728064388515 0.9921778440475464 5
1728064410588 0.9920213222503662 6
1728064429477 0.9928630590438843 7
1728064445435 0.9918656945228577 8
1728064458973 0.993382453918457 9
1728064475469 0.9933784604072571 10
1728064496429 0.9932276606559753 11
1728064520060 0.9935556054115295 12
1728064543367 0.9930593967437744 13
1728064566873 0.9939011931419373 14
1728064589542 0.9935559034347534 15
1728064605683 0.9928876161575317 16
1728064621946 0.9934031963348389 17
1728064642173 0.9929032325744629 18
1728064667773 0.9942420125007629 19
1728064693957 0.9939122796058655 20
1728064718452 0.9940748810768127 21
1728064741095 0.9940789341926575 22
1728064761149 0.9949242472648621 23
1728064783817 0.9932320713996887 24
1728064805592 0.9940866231918335 25
1728064827344 0.9937418699264526 26
1728064850023 0.9945950508117676 27
1728064873947 0.9942556023597717 28
1728064896900 0.9942681789398193 29
1728064918465 0.9940818548202515 30
1728064938774 0.9947613477706909 31
1728064957433 0.9951037168502808 32
1728064978150 0.9954477548599243 33
1728064999786 0.994253396987915 34
1728065024743 0.994949996471405 35
1728065046189 0.9951087236404419 36
1728065064476 0.9949342012405396 37
1728065086089 0.9947746396064758 38
1728065108951 0.9944279789924622 39
1728065132306 0.9952941536903381 40
1728065156948 0.9939146041870117 41
1728065177564 0.9944354891777039 42
1728065197878 0.9956338405609131 43
1728065216648 0.9944179654121399 44
1728065239154 0.9964640140533447 45
1728065276794 0.9959617853164673 46
1728065296573 0.9951182007789612 47
1728065320106 0.9961222410202026 48
1728065342451 0.9957916736602783 49
1728065362999 0.9946035742759705 50
1728065385392 0.9957875609397888 51
1728065406280 0.9961271286010742 52
1728065422497 0.9956195950508118 53
1728065441862 0.9940797686576843 54
1728065463366 0.9956316351890564 55
1728065481895 0.9949483275413513 56
1728065502138 0.9959726929664612 57
1728065524782 0.9951299428939819 58
1728065551439 0.9954667687416077 59
1728065572434 0.9963175058364868 60
1728065590200 0.995301365852356 61
1728065605989 0.9959627985954285 62
1728065622605 0.9959706664085388 63
1728065644548 0.9968106150627136 64
1728065668242 0.9964925050735474 65
1728065689270 0.9951204657554626 66
1728065712226 0.9949577450752258 67
1728065732561 0.9968438148498535 68
1728065752756 0.9959890246391296 69
1728065773910 0.9956506490707397 70
1728065794535 0.9959927797317505 71
1728065815311 0.9958224296569824 72
1728065836001 0.9959895014762878 73
1728065859958 0.995663583278656 74
1728065880399 0.9963284730911255 75
1728065901353 0.9961616396903992 76
1728065922701 0.9956576824188232 77
1728065945580 0.9959962964057922 78
1728065967163 0.9949720501899719 79
1728065986778 0.9961673021316528 80
1728066009096 0.9948143362998962 81
1728066033619 0.9959948658943176 82
1728066059847 0.9954873323440552 83
1728066078253 0.995323896408081 84
1728066097950 0.9961697459220886 85
1728066119186 0.9961734414100647 86
1728066140896 0.9958403706550598 87
1728066163278 0.9958438873291016 88
1728066184939 0.9953312277793884 89
1728066209601 0.9954985976219177 90
1728066234326 0.9956716895103455 91
1728066250916 0.9965174198150635 92
1728066267244 0.9956585168838501 93
1728066288730 0.9951573610305786 94
1728066311470 0.9948164224624634 95
1728066335965 0.9948186874389648 96
1728066361499 0.9948159456253052 97
1728066389152 0.9961829781532288 98
1728066414794 0.9968505501747131 99
