1728064281526 0.0003693198086693883 0
1728064299330 0.0001735400001052767 1
1728064320517 0.00013954751193523407 2
1728064345020 0.00013198803935665637 3
1728064366258 0.00013456676970236003 4
1728064388515 0.00013982508971821517 5
1728064410588 0.00012793613132089376 6
1728064429477 0.000128676081658341 7
1728064445435 0.00013001711340621114 8
1728064458973 0.0001275151880690828 9
1728064475469 0.00012437828991096467 10
1728064496429 0.00011783416994148865 11
1728064520060 0.00012570178660098463 12
1728064543367 0.00011807450209744275 13
1728064566873 0.00011879856901941821 14
1728064589542 0.00012204441009089351 15
1728064605683 0.00011453695333329961 16
1728064621946 0.00011691972031258047 17
1728064642173 0.00011336202442180365 18
1728064667773 0.0001225376909133047 19
1728064693957 0.00011828209244413301 20
1728064718452 0.00011287258530501276 21
1728064741095 0.00011862171959364787 22
1728064761149 0.00011440990056144074 23
1728064783817 0.00010806641512317583 24
1728064805592 0.00010992702300427482 25
1728064827344 0.00011207385978195816 26
1728064850023 0.0001092824459192343 27
1728064873947 0.00011256934521952644 28
1728064896900 0.00010416827717563137 29
1728064918465 0.00011068479216191918 30
1728064938774 0.00011201123561477289 31
1728064957433 0.00010830712562892586 32
1728064978150 0.00010962127998936921 33
1728064999786 0.00011254457785980776 34
1728065024743 9.925631457008421e-05 35
1728065046189 0.00010995722550433129 36
1728065064476 0.00010990487498929724 37
1728065086089 0.00010056202881969512 38
1728065108951 0.0001116403000196442 39
1728065132306 9.60182078415528e-05 40
1728065156948 0.00010883678623940796 41
1728065177564 0.00010130134614882991 42
1728065197878 9.859392594080418e-05 43
1728065216648 0.00010612895857775584 44
1728065239154 0.00010630370525177568 45
1728065276794 0.00010164946434088051 46
1728065296573 9.866078471532091e-05 47
1728065320106 0.00010280693095410243 48
1728065342451 0.00010115922486875206 49
1728065362999 9.880302241072059e-05 50
1728065385392 9.998725727200508e-05 51
1728065406280 0.00010060158820124343 52
1728065422497 0.0001039089765981771 53
1728065441862 0.00010439127800054848 54
1728065463366 9.438486449653283e-05 55
1728065481895 0.00010153758921660483 56
1728065502138 0.00010352682875236496 57
1728065524782 9.754476195666939e-05 58
1728065551439 0.0001020272757159546 59
1728065572434 9.786437294678763e-05 60
1728065590200 8.934205834520981e-05 61
1728065605989 0.00010141810344066471 62
1728065622605 9.567743836669251e-05 63
1728065644548 9.635790047468618e-05 64
1728065668242 8.905449794838205e-05 65
1728065689270 9.90138141787611e-05 66
1728065712226 9.861379658104852e-05 67
1728065732561 9.270559530705214e-05 68
1728065752756 9.474081889493391e-05 69
1728065773910 9.003049490274861e-05 70
1728065794535 8.440831152256578e-05 71
1728065815311 8.710506517672911e-05 72
1728065836001 8.986782631836832e-05 73
1728065859958 8.534618245903403e-05 74
1728065880399 9.076761489268392e-05 75
1728065901353 9.21996688703075e-05 76
1728065922701 8.427228021901101e-05 77
1728065945580 8.762541983742267e-05 78
1728065967163 8.925408474169672e-05 79
1728065986778 9.052410314325243e-05 80
1728066009096 8.711453119758517e-05 81
1728066033619 8.29728232929483e-05 82
1728066059847 8.464146958431229e-05 83
1728066078253 8.546609024051577e-05 84
1728066097950 8.589903154643252e-05 85
1728066119186 8.199099829653278e-05 86
1728066140896 8.189782965928316e-05 87
1728066163278 8.635976701043546e-05 88
1728066184939 8.374183380510658e-05 89
1728066209601 8.175429684342816e-05 90
1728066234326 8.384053944610059e-05 91
1728066250916 8.897912630345672e-05 92
1728066267244 8.836413326207548e-05 93
1728066288730 7.914409070508555e-05 94
1728066311470 8.333139703609049e-05 95
1728066335965 8.886257273843512e-05 96
1728066361499 8.456619252683595e-05 97
1728066389152 7.972136518219486e-05 98
1728066414794 8.429341687588021e-05 99
