1728064281526 326.0 0
1728064299330 368.0 1
1728064320517 419.0 2
1728064345020 417.0 3
1728064366258 431.0 4
1728064388515 469.0 5
1728064410588 429.0 6
1728064429477 424.0 7
1728064445435 441.0 8
1728064458973 428.0 9
1728064475469 423.0 10
1728064496429 385.0 11
1728064520060 427.0 12
1728064543367 411.0 13
1728064566873 407.0 14
1728064589542 408.0 15
1728064605683 375.0 16
1728064621946 385.0 17
1728064642173 376.0 18
1728064667773 404.0 19
1728064693957 405.0 20
1728064718452 383.0 21
1728064741095 413.0 22
1728064761149 394.0 23
1728064783817 366.0 24
1728064805592 369.0 25
1728064827344 382.0 26
1728064850023 382.0 27
1728064873947 380.0 28
1728064896900 359.0 29
1728064918465 372.0 30
1728064938774 369.0 31
1728064957433 365.0 32
1728064978150 377.0 33
1728064999786 385.0 34
1728065024743 329.0 35
1728065046189 367.0 36
1728065064476 386.0 37
1728065086089 341.0 38
1728065108951 382.0 39
1728065132306 317.0 40
1728065156948 377.0 41
1728065177564 347.0 42
1728065197878 342.0 43
1728065216648 368.0 44
1728065239154 362.0 45
1728065276794 351.0 46
1728065296573 329.0 47
1728065320106 344.0 48
1728065342451 345.0 49
1728065362999 347.0 50
1728065385392 339.0 51
1728065406280 346.0 52
1728065422497 357.0 53
1728065441862 354.0 54
1728065463366 327.0 55
1728065481895 346.0 56
1728065502138 360.0 57
1728065524782 334.0 58
1728065551439 350.0 59
1728065572434 347.0 60
1728065590200 309.0 61
1728065605989 354.0 62
1728065622605 330.0 63
1728065644548 329.0 64
1728065668242 306.0 65
1728065689270 343.0 66
1728065712226 335.0 67
1728065732561 323.0 68
1728065752756 320.0 69
1728065773910 309.0 70
1728065794535 284.0 71
1728065815311 299.0 72
1728065836001 311.0 73
1728065859958 296.0 74
1728065880399 315.0 75
1728065901353 325.0 76
1728065922701 277.0 77
1728065945580 308.0 78
1728065967163 315.0 79
1728065986778 315.0 80
1728066009096 298.0 81
1728066033619 284.0 82
1728066059847 295.0 83
1728066078253 300.0 84
1728066097950 290.0 85
1728066119186 275.0 86
1728066140896 281.0 87
1728066163278 293.0 88
1728066184939 286.0 89
1728066209601 283.0 90
1728066234326 293.0 91
1728066250916 306.0 92
1728066267244 304.0 93
1728066288730 272.0 94
1728066311470 286.0 95
1728066335965 301.0 96
1728066361499 282.0 97
1728066389152 272.0 98
1728066414794 291.0 99
