1728064281526 184.0 0
1728064299330 171.0 1
1728064320517 150.0 2
1728064345020 149.0 3
1728064366258 148.0 4
1728064388515 145.0 5
1728064410588 133.0 6
1728064429477 132.0 7
1728064445435 135.0 8
1728064458973 129.0 9
1728064475469 125.0 10
1728064496429 124.0 11
1728064520060 117.0 12
1728064543367 115.0 13
1728064566873 115.0 14
1728064589542 103.0 15
1728064605683 114.0 16
1728064621946 113.0 17
1728064642173 111.0 18
1728064667773 114.0 19
1728064693957 103.0 20
1728064718452 101.0 21
1728064741095 100.0 22
1728064761149 100.0 23
1728064783817 95.0 24
1728064805592 105.0 25
1728064827344 92.0 26
1728064850023 90.0 27
1728064873947 108.0 28
1728064896900 83.0 29
1728064918465 88.0 30
1728064938774 95.0 31
1728064957433 88.0 32
1728064978150 94.0 33
1728064999786 93.0 34
1728065024743 85.0 35
1728065046189 97.0 36
1728065064476 85.0 37
1728065086089 81.0 38
1728065108951 95.0 39
1728065132306 77.0 40
1728065156948 87.0 41
1728065177564 76.0 42
1728065197878 81.0 43
1728065216648 80.0 44
1728065239154 83.0 45
1728065276794 77.0 46
1728065296573 85.0 47
1728065320106 82.0 48
1728065342451 76.0 49
1728065362999 73.0 50
1728065385392 78.0 51
1728065406280 78.0 52
1728065422497 75.0 53
1728065441862 80.0 54
1728065463366 62.0 55
1728065481895 79.0 56
1728065502138 81.0 57
1728065524782 72.0 58
1728065551439 75.0 59
1728065572434 72.0 60
1728065590200 63.0 61
1728065605989 72.0 62
1728065622605 76.0 63
1728065644548 69.0 64
1728065668242 68.0 65
1728065689270 76.0 66
1728065712226 79.0 67
1728065732561 73.0 68
1728065752756 80.0 69
1728065773910 70.0 70
1728065794535 60.0 71
1728065815311 65.0 72
1728065836001 64.0 73
1728065859958 66.0 74
1728065880399 70.0 75
1728065901353 71.0 76
1728065922701 69.0 77
1728065945580 65.0 78
1728065967163 62.0 79
1728065986778 76.0 80
1728066009096 68.0 81
1728066033619 64.0 82
1728066059847 60.0 83
1728066078253 68.0 84
1728066097950 72.0 85
1728066119186 70.0 86
1728066140896 57.0 87
1728066163278 76.0 88
1728066184939 65.0 89
1728066209601 60.0 90
1728066234326 64.0 91
1728066250916 75.0 92
1728066267244 64.0 93
1728066288730 57.0 94
1728066311470 74.0 95
1728066335965 70.0 96
1728066361499 59.0 97
1728066389152 60.0 98
1728066414794 60.0 99
