1728064281526 0.0017861792584881186 0
1728064299330 0.0009341780096292496 1
1728064320517 0.0007589347660541534 2
1728064345020 0.0006920857122167945 3
1728064366258 0.0006746285944245756 4
1728064388515 0.0006895295809954405 5
1728064410588 0.0006384971202351153 6
1728064429477 0.0006372343050315976 7
1728064445435 0.0006277368520386517 8
1728064458973 0.000629347690846771 9
1728064475469 0.0006070348317734897 10
1728064496429 0.0005857307696714997 11
1728064520060 0.0006197941256687045 12
1728064543367 0.0005915286601521075 13
1728064566873 0.0005887325969524682 14
1728064589542 0.0005931254709139466 15
1728064605683 0.0005717560416087508 16
1728064621946 0.0005694300052709877 17
1728064642173 0.0005564078455790877 18
1728064667773 0.0005819825455546379 19
1728064693957 0.0005725243245251477 20
1728064718452 0.0005497224046848714 21
1728064741095 0.0005719428299926221 22
1728064761149 0.0005654639680869877 23
1728064783817 0.0005420775269158185 24
1728064805592 0.0005370325525291264 25
1728064827344 0.0005528195179067552 26
1728064850023 0.0005358801572583616 27
1728064873947 0.0005608476349152625 28
1728064896900 0.0005125479656271636 29
1728064918465 0.0005497793317772448 30
1728064938774 0.0005430973833426833 31
1728064957433 0.0005293967551551759 32
1728064978150 0.0005368170095607638 33
1728064999786 0.0005473848432302475 34
1728065024743 0.0004898316110484302 35
1728065046189 0.0005260660545900464 36
1728065064476 0.0005289107793942094 37
1728065086089 0.0005017478251829743 38
1728065108951 0.0005485931760631502 39
1728065132306 0.00048076349776238203 40
1728065156948 0.0005572609952650964 41
1728065177564 0.0004991594469174743 42
1728065197878 0.00048141690785996616 43
1728065216648 0.0005413760663941503 44
1728065239154 0.0005205210763961077 45
1728065276794 0.0004890126292593777 46
1728065296573 0.0004927880363538861 47
1728065320106 0.0005110534839332104 48
1728065342451 0.0004908919800072908 49
1728065362999 0.0004977095522917807 50
1728065385392 0.0004953157622367144 51
1728065406280 0.0004963100655004382 52
1728065422497 0.0005028506275266409 53
1728065441862 0.0005320299533195794 54
1728065463366 0.00047215167433023453 55
1728065481895 0.0005004569538868964 56
1728065502138 0.0004973526811227202 57
1728065524782 0.00048100246931426227 58
1728065551439 0.0005078467074781656 59
1728065572434 0.0004666635359171778 60
1728065590200 0.00044764834456145763 61
1728065605989 0.0004974148469045758 62
1728065622605 0.00048085174057632685 63
1728065644548 0.0004904321394860744 64
1728065668242 0.00043230902520008385 65
1728065689270 0.000476445653475821 66
1728065712226 0.0004794737615156919 67
1728065732561 0.00043793334043584764 68
1728065752756 0.00046739392564632 69
1728065773910 0.0004495963512454182 70
1728065794535 0.0004295824619475752 71
1728065815311 0.00043155477032996714 72
1728065836001 0.00044116517528891563 73
1728065859958 0.0004164580604992807 74
1728065880399 0.00045194639824330807 75
1728065901353 0.00044336309656500816 76
1728065922701 0.00042456513619981706 77
1728065945580 0.0004274582024663687 78
1728065967163 0.00044158269884064794 79
1728065986778 0.00044027299736626446 80
1728066009096 0.0004244734882377088 81
1728066033619 0.000410283450037241 82
1728066059847 0.00041382035124115646 83
1728066078253 0.0004189314495306462 84
1728066097950 0.0004287051851861179 85
1728066119186 0.00040747798630036414 86
1728066140896 0.00040945116779766977 87
1728066163278 0.00042081045103259385 88
1728066184939 0.0004158059018664062 89
1728066209601 0.000398386298911646 90
1728066234326 0.0004043260123580694 91
1728066250916 0.00043644619290716946 92
1728066267244 0.00043587273103185 93
1728066288730 0.00038744183257222176 94
1728066311470 0.0004147367144469172 95
1728066335965 0.0004353674885351211 96
1728066361499 0.0004241307615302503 97
1728066389152 0.00039081083377823234 98
1728066414794 0.0004150962922722101 99
