1728064281526 0.886313796043396 0
1728064299330 0.9098657369613647 1
1728064320517 0.9158315062522888 2
1728064345020 0.9183672666549683 3
1728064366258 0.9173406362533569 4
1728064388515 0.9184178113937378 5
1728064410588 0.924013614654541 6
1728064429477 0.922198474407196 7
1728064445435 0.9262666702270508 8
1728064458973 0.9259065389633179 9
1728064475469 0.9290220737457275 10
1728064496429 0.9302977323532104 11
1728064520060 0.9283663630485535 12
1728064543367 0.932173490524292 13
1728064566873 0.9334098100662231 14
1728064589542 0.9281799793243408 15
1728064605683 0.9324221611022949 16
1728064621946 0.9340126514434814 17
1728064642173 0.9361720681190491 18
1728064667773 0.9330763816833496 19
1728064693957 0.9344751834869385 20
1728064718452 0.9368348121643066 21
1728064741095 0.9352008700370789 22
1728064761149 0.9357441663742065 23
1728064783817 0.9364374876022339 24
1728064805592 0.9361655116081238 25
1728064827344 0.9348834753036499 26
1728064850023 0.9388942122459412 27
1728064873947 0.9391797780990601 28
1728064896900 0.9444748163223267 29
1728064918465 0.9372813701629639 30
1728064938774 0.9369415044784546 31
1728064957433 0.937303364276886 32
1728064978150 0.9385850429534912 33
1728064999786 0.937390923500061 34
1728065024743 0.9458324313163757 35
1728065046189 0.9405121207237244 36
1728065064476 0.9399998188018799 37
1728065086089 0.9429562091827393 38
1728065108951 0.9387778043746948 39
1728065132306 0.9460631608963013 40
1728065156948 0.9371891021728516 41
1728065177564 0.9441655874252319 42
1728065197878 0.9456099271774292 43
1728065216648 0.938820481300354 44
1728065239154 0.9406182765960693 45
1728065276794 0.9452853202819824 46
1728065296573 0.9446460604667664 47
1728065320106 0.941497802734375 48
1728065342451 0.9428346157073975 49
1728065362999 0.9433506727218628 50
1728065385392 0.9448116421699524 51
1728065406280 0.9417314529418945 52
1728065422497 0.9413162469863892 53
1728065441862 0.9394754767417908 54
1728065463366 0.9468732476234436 55
1728065481895 0.9427590370178223 56
1728065502138 0.9463172554969788 57
1728065524782 0.9467427730560303 58
1728065551439 0.944736897945404 59
1728065572434 0.9483788013458252 60
1728065590200 0.9492429494857788 61
1728065605989 0.9458200335502625 62
1728065622605 0.9474940299987793 63
1728065644548 0.9448171854019165 64
1728065668242 0.9529304504394531 65
1728065689270 0.9464783668518066 66
1728065712226 0.9463180899620056 67
1728065732561 0.9549705982208252 68
1728065752756 0.9522702693939209 69
1728065773910 0.9524804949760437 70
1728065794535 0.9538872241973877 71
1728065815311 0.9534960985183716 72
1728065836001 0.953208327293396 73
1728065859958 0.957750678062439 74
1728065880399 0.9523061513900757 75
1728065901353 0.9523875713348389 76
1728065922701 0.9581900238990784 77
1728065945580 0.9533811211585999 78
1728065967163 0.9538362622261047 79
1728065986778 0.9549224376678467 80
1728066009096 0.9557501673698425 81
1728066033619 0.9559544324874878 82
1728066059847 0.9561471939086914 83
1728066078253 0.9568648338317871 84
1728066097950 0.9561547040939331 85
1728066119186 0.958524227142334 86
1728066140896 0.9598249197006226 87
1728066163278 0.9596973657608032 88
1728066184939 0.9583344459533691 89
1728066209601 0.9603496789932251 90
1728066234326 0.9603796005249023 91
1728066250916 0.9582796096801758 92
1728066267244 0.9524775743484497 93
1728066288730 0.9578454494476318 94
1728066311470 0.957889199256897 95
1728066335965 0.9567155838012695 96
1728066361499 0.9559468030929565 97
1728066389152 0.9616477489471436 98
1728066414794 0.9579333066940308 99
