1728064281526 0.9344496130943298 0
1728064299330 0.9378633499145508 1
1728064320517 0.9440298676490784 2
1728064345020 0.9444237351417542 3
1728064366258 0.944486141204834 4
1728064388515 0.9447619318962097 5
1728064410588 0.9498680830001831 6
1728064429477 0.9503198862075806 7
1728064445435 0.9489216804504395 8
1728064458973 0.9513207674026489 9
1728064475469 0.952847957611084 10
1728064496429 0.9538690447807312 11
1728064520060 0.9556650519371033 12
1728064543367 0.956652820110321 13
1728064566873 0.9567180871963501 14
1728064589542 0.9610438942909241 15
1728064605683 0.9575892686843872 16
1728064621946 0.9577885866165161 17
1728064642173 0.9586437940597534 18
1728064667773 0.9571267366409302 19
1728064693957 0.9610880017280579 20
1728064718452 0.9621297121047974 21
1728064741095 0.962063729763031 22
1728064761149 0.9623352289199829 23
1728064783817 0.9645257592201233 24
1728064805592 0.9608938694000244 25
1728064827344 0.9654005169868469 26
1728064850023 0.9661272168159485 27
1728064873947 0.9596563577651978 28
1728064896900 0.9689487218856812 29
1728064918465 0.9669793844223022 30
1728064938774 0.9644860029220581 31
1728064957433 0.9670658707618713 32
1728064978150 0.9647411704063416 33
1728064999786 0.9649981260299683 34
1728065024743 0.9685767292976379 35
1728065046189 0.9637924432754517 36
1728065064476 0.967900276184082 37
1728065086089 0.969877302646637 38
1728065108951 0.9643125534057617 39
1728065132306 0.9715762138366699 40
1728065156948 0.967280924320221 41
1728065177564 0.9716206192970276 42
1728065197878 0.9698660969734192 43
1728065216648 0.9699361324310303 44
1728065239154 0.9689138531684875 45
1728065276794 0.9712149500846863 46
1728065296573 0.9685767292976379 47
1728065320106 0.9694827198982239 48
1728065342451 0.9716417789459229 49
1728065362999 0.9727102518081665 50
1728065385392 0.9709821343421936 51
1728065406280 0.9709063768386841 52
1728065422497 0.9718785285949707 53
1728065441862 0.9700934290885925 54
1728065463366 0.9769001603126526 55
1728065481895 0.9705443978309631 56
1728065502138 0.9696629047393799 57
1728065524782 0.9732043147087097 58
1728065551439 0.9719521403312683 59
1728065572434 0.9730740189552307 60
1728065590200 0.9766925573348999 61
1728065605989 0.9730033874511719 62
1728065622605 0.9717996120452881 63
1728065644548 0.9743399024009705 64
1728065668242 0.9749169945716858 65
1728065689270 0.9716629385948181 66
1728065712226 0.9706646800041199 67
1728065732561 0.9729529619216919 68
1728065752756 0.9704688191413879 69
1728065773910 0.9741697311401367 70
1728065794535 0.9779816269874573 71
1728065815311 0.9760589599609375 72
1728065836001 0.9763138294219971 73
1728065859958 0.9757263660430908 74
1728065880399 0.9741124510765076 75
1728065901353 0.9736549258232117 76
1728065922701 0.9748266935348511 77
1728065945580 0.9759793281555176 78
1728065967163 0.9770029783248901 79
1728065986778 0.9719557166099548 80
1728066009096 0.9749907851219177 81
1728066033619 0.9765481948852539 82
1728066059847 0.9778923988342285 83
1728066078253 0.9749723672866821 84
1728066097950 0.9736360311508179 85
1728066119186 0.9744898080825806 86
1728066140896 0.9790825843811035 87
1728066163278 0.9721815586090088 88
1728066184939 0.9761730432510376 89
1728066209601 0.9779897332191467 90
1728066234326 0.9764705896377563 91
1728066250916 0.9724062085151672 92
1728066267244 0.9763750433921814 93
1728066288730 0.9791514277458191 94
1728066311470 0.9729630947113037 95
1728066335965 0.9742457866668701 96
1728066361499 0.9783565402030945 97
1728066389152 0.9780781865119934 98
1728066414794 0.9779249429702759 99
