1728064281526 0.8894540667533875 0
1728064299330 0.8752119541168213 1
1728064320517 0.8579179644584656 2
1728064345020 0.85859614610672 3
1728064366258 0.8538487553596497 4
1728064388515 0.8409630656242371 5
1728064410588 0.854526937007904 6
1728064429477 0.8562224507331848 7
1728064445435 0.8504577875137329 8
1728064458973 0.8548660278320312 9
1728064475469 0.856561541557312 10
1728064496429 0.8694472908973694 11
1728064520060 0.8552051782608032 12
1728064543367 0.8606307506561279 13
1728064566873 0.8619871139526367 14
1728064589542 0.8616480231285095 15
1728064605683 0.8728382587432861 16
1728064621946 0.8694472908973694 17
1728064642173 0.8724991679191589 18
1728064667773 0.8630043864250183 19
1728064693957 0.8626652956008911 20
1728064718452 0.8701254725456238 21
1728064741095 0.8599525094032288 22
1728064761149 0.8663954138755798 23
1728064783817 0.8758901357650757 24
1728064805592 0.8748728632926941 25
1728064827344 0.870464563369751 26
1728064850023 0.870464563369751 27
1728064873947 0.8711427450180054 28
1728064896900 0.8782638311386108 29
1728064918465 0.8738555312156677 30
1728064938774 0.8748728632926941 31
1728064957433 0.8762292265892029 32
1728064978150 0.8721600770950317 33
1728064999786 0.8694472908973694 34
1728065024743 0.8884367346763611 35
1728065046189 0.8755510449409485 36
1728065064476 0.8691082000732422 37
1728065086089 0.8843675851821899 38
1728065108951 0.870464563369751 39
1728065132306 0.892505943775177 40
1728065156948 0.8721600770950317 41
1728065177564 0.882332980632782 42
1728065197878 0.8840284943580627 43
1728065216648 0.8752119541168213 44
1728065239154 0.8772464990615845 45
1728065276794 0.8809766173362732 46
1728065296573 0.8884367346763611 47
1728065320106 0.8833503127098083 48
1728065342451 0.8830111622810364 49
1728065362999 0.882332980632782 50
1728065385392 0.8850457668304443 51
1728065406280 0.8826720714569092 52
1728065422497 0.8789420127868652 53
1728065441862 0.8799592852592468 54
1728065463366 0.8891149759292603 55
1728065481895 0.8826720714569092 56
1728065502138 0.8779247403144836 57
1728065524782 0.8867412805557251 58
1728065551439 0.8813157081604004 59
1728065572434 0.882332980632782 60
1728065590200 0.8952187299728394 61
1728065605989 0.8799592852592468 62
1728065622605 0.8880976438522339 63
1728065644548 0.8884367346763611 64
1728065668242 0.896236002445221 65
1728065689270 0.8836894035339355 66
1728065712226 0.8864021897315979 67
1728065732561 0.890471339225769 68
1728065752756 0.8914886116981506 69
1728065773910 0.8952187299728394 70
1728065794535 0.9036961793899536 71
1728065815311 0.8986096978187561 72
1728065836001 0.894540548324585 73
1728065859958 0.8996269702911377 74
1728065880399 0.8931841254234314 75
1728065901353 0.8897931575775146 76
1728065922701 0.9060698747634888 77
1728065945580 0.8955578207969666 78
1728065967163 0.8931841254234314 79
1728065986778 0.8931841254234314 80
1728066009096 0.8989487886428833 81
1728066033619 0.9036961793899536 82
1728066059847 0.8999660611152649 83
1728066078253 0.8982706069946289 84
1728066097950 0.9016615748405457 85
1728066119186 0.9067480564117432 86
1728066140896 0.9047134518623352 87
1728066163278 0.9006443023681641 88
1728066184939 0.9030179977416992 89
1728066209601 0.9040352702140808 90
1728066234326 0.9006443023681641 91
1728066250916 0.896236002445221 92
1728066267244 0.8969141840934753 93
1728066288730 0.9077653288841248 94
1728066311470 0.9030179977416992 95
1728066335965 0.8979315161705017 96
1728066361499 0.904374361038208 97
1728066389152 0.9077653288841248 98
1728066414794 0.9013224840164185 99
