1728064281526 3587939.0 0
1728064299330 3587952.0 1
1728064320517 3587973.0 2
1728064345020 3587974.0 3
1728064366258 3587975.0 4
1728064388515 3587978.0 5
1728064410588 3587990.0 6
1728064429477 3587991.0 7
1728064445435 3587988.0 8
1728064458973 3587994.0 9
1728064475469 3587998.0 10
1728064496429 3587999.0 11
1728064520060 3588006.0 12
1728064543367 3588008.0 13
1728064566873 3588008.0 14
1728064589542 3588020.0 15
1728064605683 3588009.0 16
1728064621946 3588010.0 17
1728064642173 3588012.0 18
1728064667773 3588009.0 19
1728064693957 3588020.0 20
1728064718452 3588022.0 21
1728064741095 3588023.0 22
1728064761149 3588023.0 23
1728064783817 3588028.0 24
1728064805592 3588018.0 25
1728064827344 3588031.0 26
1728064850023 3588033.0 27
1728064873947 3588015.0 28
1728064896900 3588040.0 29
1728064918465 3588035.0 30
1728064938774 3588028.0 31
1728064957433 3588035.0 32
1728064978150 3588029.0 33
1728064999786 3588030.0 34
1728065024743 3588038.0 35
1728065046189 3588026.0 36
1728065064476 3588038.0 37
1728065086089 3588042.0 38
1728065108951 3588028.0 39
1728065132306 3588046.0 40
1728065156948 3588036.0 41
1728065177564 3588047.0 42
1728065197878 3588042.0 43
1728065216648 3588043.0 44
1728065239154 3588040.0 45
1728065276794 3588046.0 46
1728065296573 3588038.0 47
1728065320106 3588041.0 48
1728065342451 3588047.0 49
1728065362999 3588050.0 50
1728065385392 3588045.0 51
1728065406280 3588045.0 52
1728065422497 3588048.0 53
1728065441862 3588043.0 54
1728065463366 3588061.0 55
1728065481895 3588044.0 56
1728065502138 3588042.0 57
1728065524782 3588051.0 58
1728065551439 3588048.0 59
1728065572434 3588051.0 60
1728065590200 3588060.0 61
1728065605989 3588051.0 62
1728065622605 3588047.0 63
1728065644548 3588054.0 64
1728065668242 3588055.0 65
1728065689270 3588047.0 66
1728065712226 3588044.0 67
1728065732561 3588050.0 68
1728065752756 3588043.0 69
1728065773910 3588053.0 70
1728065794535 3588063.0 71
1728065815311 3588058.0 72
1728065836001 3588059.0 73
1728065859958 3588057.0 74
1728065880399 3588053.0 75
1728065901353 3588052.0 76
1728065922701 3588054.0 77
1728065945580 3588058.0 78
1728065967163 3588061.0 79
1728065986778 3588047.0 80
1728066009096 3588055.0 81
1728066033619 3588059.0 82
1728066059847 3588063.0 83
1728066078253 3588055.0 84
1728066097950 3588051.0 85
1728066119186 3588053.0 86
1728066140896 3588066.0 87
1728066163278 3588047.0 88
1728066184939 3588058.0 89
1728066209601 3588063.0 90
1728066234326 3588059.0 91
1728066250916 3588048.0 92
1728066267244 3588059.0 93
1728066288730 3588066.0 94
1728066311470 3588049.0 95
1728066335965 3588053.0 96
1728066361499 3588064.0 97
1728066389152 3588063.0 98
1728066414794 3588063.0 99
