1728064281526 2623.0 0
1728064299330 2581.0 1
1728064320517 2530.0 2
1728064345020 2532.0 3
1728064366258 2518.0 4
1728064388515 2480.0 5
1728064410588 2520.0 6
1728064429477 2525.0 7
1728064445435 2508.0 8
1728064458973 2521.0 9
1728064475469 2526.0 10
1728064496429 2564.0 11
1728064520060 2522.0 12
1728064543367 2538.0 13
1728064566873 2542.0 14
1728064589542 2541.0 15
1728064605683 2574.0 16
1728064621946 2564.0 17
1728064642173 2573.0 18
1728064667773 2545.0 19
1728064693957 2544.0 20
1728064718452 2566.0 21
1728064741095 2536.0 22
1728064761149 2555.0 23
1728064783817 2583.0 24
1728064805592 2580.0 25
1728064827344 2567.0 26
1728064850023 2567.0 27
1728064873947 2569.0 28
1728064896900 2590.0 29
1728064918465 2577.0 30
1728064938774 2580.0 31
1728064957433 2584.0 32
1728064978150 2572.0 33
1728064999786 2564.0 34
1728065024743 2620.0 35
1728065046189 2582.0 36
1728065064476 2563.0 37
1728065086089 2608.0 38
1728065108951 2567.0 39
1728065132306 2632.0 40
1728065156948 2572.0 41
1728065177564 2602.0 42
1728065197878 2607.0 43
1728065216648 2581.0 44
1728065239154 2587.0 45
1728065276794 2598.0 46
1728065296573 2620.0 47
1728065320106 2605.0 48
1728065342451 2604.0 49
1728065362999 2602.0 50
1728065385392 2610.0 51
1728065406280 2603.0 52
1728065422497 2592.0 53
1728065441862 2595.0 54
1728065463366 2622.0 55
1728065481895 2603.0 56
1728065502138 2589.0 57
1728065524782 2615.0 58
1728065551439 2599.0 59
1728065572434 2602.0 60
1728065590200 2640.0 61
1728065605989 2595.0 62
1728065622605 2619.0 63
1728065644548 2620.0 64
1728065668242 2643.0 65
1728065689270 2606.0 66
1728065712226 2614.0 67
1728065732561 2626.0 68
1728065752756 2629.0 69
1728065773910 2640.0 70
1728065794535 2665.0 71
1728065815311 2650.0 72
1728065836001 2638.0 73
1728065859958 2653.0 74
1728065880399 2634.0 75
1728065901353 2624.0 76
1728065922701 2672.0 77
1728065945580 2641.0 78
1728065967163 2634.0 79
1728065986778 2634.0 80
1728066009096 2651.0 81
1728066033619 2665.0 82
1728066059847 2654.0 83
1728066078253 2649.0 84
1728066097950 2659.0 85
1728066119186 2674.0 86
1728066140896 2668.0 87
1728066163278 2656.0 88
1728066184939 2663.0 89
1728066209601 2666.0 90
1728066234326 2656.0 91
1728066250916 2643.0 92
1728066267244 2645.0 93
1728066288730 2677.0 94
1728066311470 2663.0 95
1728066335965 2648.0 96
1728066361499 2667.0 97
1728066389152 2677.0 98
1728066414794 2658.0 99
