1717398467138 2897.0 0
1717398475551 2890.0 1
1717398484099 2847.0 2
1717398492551 2777.0 3
1717398501284 2692.0 4
1717398509873 2616.0 5
1717398518270 2574.0 6
1717398526947 2481.0 7
1717398535426 2479.0 8
1717398543947 2393.0 9
1717398552350 2374.0 10
1717398560720 2362.0 11
1717398569105 2276.0 12
1717398578569 2299.0 13
1717398589412 2214.0 14
1717398598237 2197.0 15
1717398608160 2116.0 16
1717398618764 2115.0 17
1717398627792 2103.0 18
1717398636791 2069.0 19
1717398645049 2018.0 20
1717398653525 1979.0 21
1717398663535 1986.0 22
1717398672520 1956.0 23
1717398681605 1870.0 24
1717398690546 1876.0 25
1717398699180 1914.0 26
1717398707998 1808.0 27
1717398716607 1826.0 28
1717398725259 1762.0 29
1717398733784 1721.0 30
