1717398467138 0.02500000037252903 0
1717398475551 0.0803571417927742 1
1717398484099 0.203125 2
1717398492551 0.26406925916671753 3
1717398501284 0.34385383129119873 4
1717398509873 0.38088828325271606 5
1717398518270 0.39251208305358887 6
1717398526947 0.4665178656578064 7
1717398535426 0.4384133517742157 8
1717398543947 0.5100806355476379 9
1717398552350 0.511695921421051 10
1717398560720 0.5104562640190125 11
1717398569105 0.5562499761581421 12
1717398578569 0.5489478707313538 13
1717398589412 0.5619360208511353 14
1717398598237 0.5602554082870483 15
1717398608160 0.5922844409942627 16
1717398618764 0.6012269854545593 17
1717398627792 0.598046600818634 18
1717398636791 0.6143597364425659 19
1717398645049 0.6248226761817932 20
1717398653525 0.6336088180541992 21
1717398663535 0.6331484317779541 22
1717398672520 0.6436859965324402 23
1717398681605 0.6660194396972656 24
1717398690546 0.6499364972114563 25
1717398699180 0.645901620388031 26
1717398707998 0.6797508001327515 27
1717398716607 0.6627547740936279 28
1717398725259 0.6932926774024963 29
1717398733784 0.6868804693222046 30
