1717398467138 3300270.0 0
1717398475551 3300245.0 1
1717398484099 3300144.0 2
1717398492551 3300008.0 3
1717398501284 3299953.0 4
1717398509873 3299888.0 5
1717398518270 3299845.0 6
1717398526947 3299870.0 7
1717398535426 3299810.0 8
1717398543947 3299862.0 9
1717398552350 3299847.0 10
1717398560720 3299833.0 11
1717398569105 3299851.0 12
1717398578569 3299855.0 13
1717398589412 3299814.0 14
1717398598237 3299797.0 15
1717398608160 3299809.0 16
1717398618764 3299828.0 17
1717398627792 3299813.0 18
1717398636791 3299827.0 19
1717398645049 3299819.0 20
1717398653525 3299816.0 21
1717398663535 3299819.0 22
1717398672520 3299826.0 23
1717398681605 3299832.0 24
1717398690546 3299797.0 25
1717398699180 3299808.0 26
1717398707998 3299834.0 27
1717398716607 3299802.0 28
1717398725259 3299845.0 29
1717398733784 3299811.0 30
