1717399418444 0.9990996718406677 0
1717399427672 0.9994305372238159 1
1717399436539 0.9996355175971985 2
1717399445645 0.9996975660324097 3
1717399454626 0.9997166395187378 4
1717399463333 0.9997393488883972 5
1717399472112 0.9997529983520508 6
1717399481003 0.9997668862342834 7
1717399489863 0.9997544884681702 8
1717399498400 0.9997629523277283 9
1717399506927 0.9997783899307251 10
1717399515346 0.9997753500938416 11
1717399523732 0.9997856616973877 12
1717399532175 0.9997817277908325 13
1717399540571 0.9997750520706177 14
1717399549088 0.9997766017913818 15
1717399557589 0.999789297580719 16
1717399566150 0.9997914433479309 17
1717399574724 0.9997914433479309 18
1717399583302 0.9997838735580444 19
1717399592003 0.9997895956039429 20
1717399600576 0.9997856616973877 21
1717399609642 0.9997859597206116 22
1717399619270 0.9997953772544861 23
1717399628710 0.9997881054878235 24
1717399639471 0.9997953772544861 25
1717399648489 0.9998041391372681 26
1717399657330 0.9997983574867249 27
1717399666343 0.9998050332069397 28
1717399675327 0.9998005032539368 29
1717399684375 0.9997986555099487 30
1717399693437 0.9998089671134949 31
1717399702319 0.9998131990432739 32
1717399711222 0.9998002052307129 33
1717399720148 0.9998071789741516 34
1717399729290 0.9998029470443726 35
1717399738388 0.9998180866241455 36
1717399747469 0.9998111128807068 37
1717399756280 0.9997971653938293 38
1717399765531 0.99980229139328 39
1717399774517 0.9998095631599426 40
1717399783491 0.9998041391372681 41
1717399792108 0.9998223185539246 42
1717399800861 0.99981290102005 43
1717399809486 0.9998029470443726 44
1717399818217 0.9998223185539246 45
1717399826893 0.9998165369033813 46
1717399835620 0.9998008012771606 47
1717399844324 0.9998131990432739 48
1717399853007 0.9998062252998352 49
1717399861735 0.9998065829277039 50
1717399870505 0.99981290102005 51
1717399879449 0.999817430973053 52
1717399888253 0.9998180866241455 53
1717399897100 0.9998204708099365 54
1717399907040 0.9998201727867126 55
1717399917094 0.9998159408569336 56
1717399926153 0.9998180866241455 57
1717399934141 0.9998195767402649 58
1717399942385 0.9998180866241455 59
1717399950512 0.999829888343811 60
1717400150477 0.999828040599823 61
1717400159361 0.9998198747634888 62
1717400167860 0.999819278717041 63
1717400176335 0.9998274445533752 64
1717400184960 0.9998195767402649 65
1717400193276 0.999819278717041 66
1717400201794 0.9998235106468201 67
1717400210221 0.999828040599823 68
1717400218684 0.9998252987861633 69
1717400226992 0.9998325705528259 70
