1717399418444 0.8294515013694763 0
1717399427672 0.967175304889679 1
1717399436539 0.9716188907623291 2
1717399445645 0.9714791178703308 3
1717399454626 0.9750970005989075 4
1717399463333 0.9807467460632324 5
1717399472112 0.9841837286949158 6
1717399481003 0.9850191473960876 7
1717399489863 0.9865614771842957 8
1717399498400 0.9882808327674866 9
1717399506927 0.9882891774177551 10
1717399515346 0.9901832342147827 11
1717399523732 0.9901772141456604 12
1717399532175 0.9901688694953918 13
1717399540571 0.9908663034439087 14
1717399549088 0.9917301535606384 15
1717399557589 0.9906953573226929 16
1717399566150 0.9924248456954956 17
1717399574724 0.9915633797645569 18
1717399583302 0.9919057488441467 19
1717399592003 0.9927573800086975 20
1717399600576 0.9920760989189148 21
1717399609642 0.9915586113929749 22
1717399619270 0.9924196004867554 23
1717399628710 0.9922429323196411 24
1717399639471 0.9922576546669006 25
1717399648489 0.9929550886154175 26
1717399657330 0.9927676320075989 27
1717399666343 0.9926032423973083 28
1717399675327 0.9925978183746338 29
1717399684375 0.9929450154304504 30
1717399693437 0.9934647679328918 31
1717399702319 0.9932872653007507 32
1717399711222 0.9934679865837097 33
1717399720148 0.9931096434593201 34
1717399729290 0.9943380951881409 35
1717399738388 0.9936324954032898 36
1717399747469 0.9931179285049438 37
1717399756280 0.9932911992073059 38
1717399765531 0.9936401844024658 39
1717399774517 0.9926005601882935 40
1717399783491 0.9938018321990967 41
1717399792108 0.9939868450164795 42
1717399800861 0.9915761351585388 43
1717399809486 0.9936399459838867 44
1717399818217 0.9929530620574951 45
1717399826893 0.9926034212112427 46
1717399835620 0.9943187236785889 47
1717399844324 0.9926090240478516 48
1717399853007 0.9934629201889038 49
1717399861735 0.994670569896698 50
1717399870505 0.993119478225708 51
1717399879449 0.9931327104568481 52
1717399888253 0.9932949542999268 53
1717399897100 0.9939948916435242 54
1717399907040 0.9938119649887085 55
1717399917094 0.9936372637748718 56
1717399926153 0.9939829707145691 57
1717399934141 0.9936379790306091 58
1717399942385 0.9945119023323059 59
1717399950512 0.9945101141929626 60
1717400150477 0.9936543107032776 61
1717400159361 0.9936448931694031 62
1717400167860 0.9929679036140442 63
1717400176335 0.9939978718757629 64
1717400184960 0.9936549663543701 65
1717400193276 0.9938256144523621 66
1717400201794 0.9938184022903442 67
1717400210221 0.9933053851127625 68
1717400218684 0.9939970374107361 69
1717400226992 0.9948509931564331 70
