1717399418444 0.0008222507312893867 0
1717399427672 0.00044939847430214286 1
1717399436539 0.000291153002763167 2
1717399445645 0.00024895419483073056 3
1717399454626 0.00023038646031636745 4
1717399463333 0.0002133982052328065 5
1717399472112 0.00020133359066676348 6
1717399481003 0.00019092787988483906 7
1717399489863 0.00019712185894604772 8
1717399498400 0.0001884844241430983 9
1717399506927 0.00017624323663767427 10
1717399515346 0.0001749655930325389 11
1717399523732 0.00016926098032854497 12
1717399532175 0.0001746607740642503 13
1717399540571 0.00017450987070333213 14
1717399549088 0.00016748721827752888 15
1717399557589 0.00016745689208619297 16
1717399566150 0.00016372404934372753 17
1717399574724 0.00016293958469759673 18
1717399583302 0.00016795028932392597 19
1717399592003 0.00016374827828258276 20
1717399600576 0.0001651254715397954 21
1717399609642 0.00016477239842060953 22
1717399619270 0.0001613207277841866 23
1717399628710 0.000163125223480165 24
1717399639471 0.00015980865282472223 25
1717399648489 0.00015508734213653952 26
1717399657330 0.00015813163190614432 27
1717399666343 0.00015489848738070577 28
1717399675327 0.00015728357539046556 29
1717399684375 0.0001577512884978205 30
1717399693437 0.00014944658323656768 31
1717399702319 0.000151465370436199 32
1717399711222 0.0001576222275616601 33
1717399720148 0.00015349996101576835 34
1717399729290 0.00015279553190339357 35
1717399738388 0.00014599267160519958 36
1717399747469 0.00014925611321814358 37
1717399756280 0.00015885350876487792 38
1717399765531 0.00015328907466027886 39
1717399774517 0.00015094246191438287 40
1717399783491 0.0001540189259685576 41
1717399792108 0.0001431763230357319 42
1717399800861 0.00014956707309465855 43
1717399809486 0.00015069088840391487 44
1717399818217 0.0001452453143429011 45
1717399826893 0.00014592029037885368 46
1717399835620 0.00015407759929075837 47
1717399844324 0.00014573686348740011 48
1717399853007 0.00015169577091000974 49
1717399861735 0.00015118149167392403 50
1717399870505 0.00014725422079209238 51
1717399879449 0.0001440038759028539 52
1717399888253 0.00014691076648887247 53
1717399897100 0.00013851078983861953 54
1717399907040 0.0001431195269105956 55
1717399917094 0.000146625199704431 56
1717399926153 0.00014327155076898634 57
1717399934141 0.00014523291611112654 58
1717399942385 0.00014243363693822175 59
1717399950512 0.0001338667789241299 60
1717400150477 0.00013673109060619026 61
1717400159361 0.00014306700904853642 62
1717400167860 0.00014138098049443215 63
1717400176335 0.00013779029541183263 64
1717400184960 0.00014077441301196814 65
1717400193276 0.00014254188863560557 66
1717400201794 0.00013815386046189815 67
1717400210221 0.00013674498768523335 68
1717400218684 0.00013598518853541464 69
1717400226992 0.00013634120114147663 70
