1717399418444 2739.0 0
1717399427672 1482.0 1
1717399436539 889.0 2
1717399445645 723.0 3
1717399454626 669.0 4
1717399463333 615.0 5
1717399472112 586.0 6
1717399481003 550.0 7
1717399489863 572.0 8
1717399498400 550.0 9
1717399506927 517.0 10
1717399515346 522.0 11
1717399523732 498.0 12
1717399532175 518.0 13
1717399540571 516.0 14
1717399549088 526.0 15
1717399557589 494.0 16
1717399566150 491.0 17
1717399574724 487.0 18
1717399583302 510.0 19
1717399592003 496.0 20
1717399600576 504.0 21
1717399609642 505.0 22
1717399619270 493.0 23
1717399628710 507.0 24
1717399639471 479.0 25
1717399648489 455.0 26
1717399657330 474.0 27
1717399666343 465.0 28
1717399675327 470.0 29
1717399684375 474.0 30
1717399693437 440.0 31
1717399702319 449.0 32
1717399711222 471.0 33
1717399720148 455.0 34
1717399729290 472.0 35
1717399738388 435.0 36
1717399747469 450.0 37
1717399756280 493.0 38
1717399765531 469.0 39
1717399774517 452.0 40
1717399783491 476.0 41
1717399792108 426.0 42
1717399800861 435.0 43
1717399809486 467.0 44
1717399818217 431.0 45
1717399826893 440.0 46
1717399835620 470.0 47
1717399844324 449.0 48
1717399853007 479.0 49
1717399861735 465.0 50
1717399870505 444.0 51
1717399879449 430.0 52
1717399888253 426.0 53
1717399897100 433.0 54
1717399907040 431.0 55
1717399917094 438.0 56
1717399926153 435.0 57
1717399934141 437.0 58
1717399942385 439.0 59
1717399950512 408.0 60
1717400150477 413.0 61
1717400159361 437.0 62
1717400167860 434.0 63
1717400176335 414.0 64
1717400184960 435.0 65
1717400193276 436.0 66
1717400201794 423.0 67
1717400210221 415.0 68
1717400218684 421.0 69
1717400226992 403.0 70
