1717399418444 0.05519144609570503 0
1717399427672 0.48878923058509827 1
1717399436539 0.6933425068855286 2
1717399445645 0.7506036758422852 3
1717399454626 0.7692307829856873 4
1717399463333 0.7878578901290894 5
1717399472112 0.7978613376617432 6
1717399481003 0.8102794289588928 7
1717399489863 0.8026905655860901 8
1717399498400 0.8102794289588928 9
1717399506927 0.8216626644134521 10
1717399515346 0.8199378848075867 11
1717399523732 0.8282166123390198 12
1717399532175 0.8213176727294922 13
1717399540571 0.8220075964927673 14
1717399549088 0.8185580968856812 15
1717399557589 0.8295964002609253 16
1717399566150 0.8306312561035156 17
1717399574724 0.8320110440254211 18
1717399583302 0.8240772485733032 19
1717399592003 0.8289065361022949 20
1717399600576 0.8261469602584839 21
1717399609642 0.8258020281791687 22
1717399619270 0.8299413323402405 23
1717399628710 0.8251121044158936 24
1717399639471 0.8347706198692322 25
1717399648489 0.8430493474006653 26
1717399657330 0.8364953398704529 27
1717399666343 0.8395998477935791 28
1717399675327 0.8378751277923584 29
1717399684375 0.8364953398704529 30
1717399693437 0.8482235074043274 31
1717399702319 0.8451189994812012 32
1717399711222 0.8375301957130432 33
1717399720148 0.8430493474006653 34
1717399729290 0.837185263633728 35
1717399738388 0.8499482870101929 36
1717399747469 0.844774067401886 37
1717399756280 0.8299413323402405 38
1717399765531 0.8382200598716736 39
1717399774517 0.8440841436386108 40
1717399783491 0.8358054757118225 41
1717399792108 0.8530527949333191 42
1717399800861 0.8499482870101929 43
1717399809486 0.8389099836349487 44
1717399818217 0.8513280153274536 45
1717399826893 0.8482235074043274 46
1717399835620 0.8378751277923584 47
1717399844324 0.8451189994812012 48
1717399853007 0.8347706198692322 49
1717399861735 0.8395998477935791 50
1717399870505 0.8468437194824219 51
1717399879449 0.8516730070114136 52
1717399888253 0.8530527949333191 53
1717399897100 0.8506381511688232 54
1717399907040 0.8513280153274536 55
1717399917094 0.8489134311676025 56
1717399926153 0.8499482870101929 57
1717399934141 0.8492583632469177 58
1717399942385 0.8485684990882874 59
1717399950512 0.8592618107795715 60
1717400150477 0.8575370907783508 61
1717400159361 0.8492583632469177 62
1717400167860 0.8502932190895081 63
1717400176335 0.8571921586990356 64
1717400184960 0.8499482870101929 65
1717400193276 0.8496032953262329 66
1717400201794 0.8540875911712646 67
1717400210221 0.8568471670150757 68
1717400218684 0.8547775149345398 69
1717400226992 0.8609865307807922 70
