1717399418444 3300113.0 0
1717399427672 3299949.0 1
1717399436539 3300033.0 2
1717399445645 3300072.0 3
1717399454626 3300081.0 4
1717399463333 3300102.0 5
1717399472112 3300118.0 6
1717399481003 3300128.0 7
1717399489863 3300109.0 8
1717399498400 3300115.0 9
1717399506927 3300133.0 10
1717399515346 3300128.0 11
1717399523732 3300138.0 12
1717399532175 3300145.0 13
1717399540571 3300121.0 14
1717399549088 3300136.0 15
1717399557589 3300146.0 16
1717399566150 3300150.0 17
1717399574724 3300146.0 18
1717399583302 3300144.0 19
1717399592003 3300149.0 20
1717399600576 3300144.0 21
1717399609642 3300146.0 22
1717399619270 3300165.0 23
1717399628710 3300155.0 24
1717399639471 3300151.0 25
1717399648489 3300156.0 26
1717399657330 3300156.0 27
1717399666343 3300169.0 28
1717399675327 3300159.0 29
1717399684375 3300157.0 30
1717399693437 3300157.0 31
1717399702319 3300180.0 32
1717399711222 3300159.0 33
1717399720148 3300166.0 34
1717399729290 3300169.0 35
1717399738388 3300182.0 36
1717399747469 3300174.0 37
1717399756280 3300171.0 38
1717399765531 3300164.0 39
1717399774517 3300171.0 40
1717399783491 3300177.0 41
1717399792108 3300187.0 42
1717399800861 3300165.0 43
1717399809486 3300164.0 44
1717399818217 3300192.0 45
1717399826893 3300182.0 46
1717399835620 3300160.0 47
1717399844324 3300180.0 48
1717399853007 3300187.0 49
1717399861735 3300174.0 50
1717399870505 3300174.0 51
1717399879449 3300175.0 52
1717399888253 3300173.0 53
1717399897100 3300188.0 54
1717399907040 3300185.0 55
1717399917094 3300178.0 56
1717399926153 3300182.0 57
1717399934141 3300189.0 58
1717399942385 3300186.0 59
1717399950512 3300194.0 60
1717400150477 3300193.0 61
1717400159361 3300190.0 62
1717400167860 3300185.0 63
1717400176335 3300192.0 64
1717400184960 3300187.0 65
1717400193276 3300187.0 66
1717400201794 3300188.0 67
1717400210221 3300195.0 68
1717400218684 3300192.0 69
1717400226992 3300198.0 70
