1717399418444 160.0 0
1717399427672 1417.0 1
1717399436539 2010.0 2
1717399445645 2176.0 3
1717399454626 2230.0 4
1717399463333 2284.0 5
1717399472112 2313.0 6
1717399481003 2349.0 7
1717399489863 2327.0 8
1717399498400 2349.0 9
1717399506927 2382.0 10
1717399515346 2377.0 11
1717399523732 2401.0 12
1717399532175 2381.0 13
1717399540571 2383.0 14
1717399549088 2373.0 15
1717399557589 2405.0 16
1717399566150 2408.0 17
1717399574724 2412.0 18
1717399583302 2389.0 19
1717399592003 2403.0 20
1717399600576 2395.0 21
1717399609642 2394.0 22
1717399619270 2406.0 23
1717399628710 2392.0 24
1717399639471 2420.0 25
1717399648489 2444.0 26
1717399657330 2425.0 27
1717399666343 2434.0 28
1717399675327 2429.0 29
1717399684375 2425.0 30
1717399693437 2459.0 31
1717399702319 2450.0 32
1717399711222 2428.0 33
1717399720148 2444.0 34
1717399729290 2427.0 35
1717399738388 2464.0 36
1717399747469 2449.0 37
1717399756280 2406.0 38
1717399765531 2430.0 39
1717399774517 2447.0 40
1717399783491 2423.0 41
1717399792108 2473.0 42
1717399800861 2464.0 43
1717399809486 2432.0 44
1717399818217 2468.0 45
1717399826893 2459.0 46
1717399835620 2429.0 47
1717399844324 2450.0 48
1717399853007 2420.0 49
1717399861735 2434.0 50
1717399870505 2455.0 51
1717399879449 2469.0 52
1717399888253 2473.0 53
1717399897100 2466.0 54
1717399907040 2468.0 55
1717399917094 2461.0 56
1717399926153 2464.0 57
1717399934141 2462.0 58
1717399942385 2460.0 59
1717399950512 2491.0 60
1717400150477 2486.0 61
1717400159361 2462.0 62
1717400167860 2465.0 63
1717400176335 2485.0 64
1717400184960 2464.0 65
1717400193276 2463.0 66
1717400201794 2476.0 67
1717400210221 2484.0 68
1717400218684 2478.0 69
1717400226992 2496.0 70
