1717400653849 0.9990963339805603 0
1717400662260 0.9994060397148132 1
1717400670962 0.9995794892311096 2
1717400679356 0.9996382594108582 3
1717400688090 0.9996649026870728 4
1717400696784 0.9996875524520874 5
1717400705500 0.9997039437294006 6
1717400713993 0.9997090697288513 7
1717400722561 0.9997051358222961 8
1717400731276 0.999714195728302 9
1717400739667 0.9997227191925049 10
1717400748267 0.9997269511222839 11
1717400756788 0.999729335308075 12
1717400765222 0.9997466206550598 13
1717400773939 0.9997408390045166 14
1717400782380 0.9997466206550598 15
1717400791256 0.9997572302818298 16
1717400799802 0.999756932258606 17
1717400808316 0.9997665882110596 18
1717400816684 0.9997717142105103 19
1717400825373 0.9997795820236206 20
1717400833892 0.9997817277908325 21
1717400842276 0.9997771978378296 22
1717400850755 0.999761164188385 23
1717400859410 0.9997853636741638 24
1717400868162 0.9997853636741638 25
1717400876985 0.9997780919075012 26
1717400885601 0.9997944235801697 27
1717400894303 0.9997881054878235 28
1717400902894 0.9998005032539368 29
1717400911349 0.9997947216033936 30
1717400919919 0.9997990131378174 31
1717400928433 0.9998008012771606 32
1717400937028 0.9997859597206116 33
1717400945594 0.9997986555099487 34
1717400954215 0.99980229139328 35
1717400962669 0.9998002052307129 36
1717400971317 0.9998068809509277 37
1717400979892 0.9997944235801697 38
1717400988487 0.9998092651367188 39
1717400997557 0.9998032450675964 40
1717401006418 0.9997938275337219 41
1717401015027 0.9998035430908203 42
1717401023504 0.9997944235801697 43
1717401032272 0.9998062252998352 44
1717401040860 0.9998005032539368 45
1717401049403 0.9998002052307129 46
1717401058089 0.9997996091842651 47
1717401066696 0.9998044371604919 48
1717401075278 0.9998089671134949 49
1717401083920 0.999808669090271 50
1717401092439 0.9998144507408142 51
1717401101178 0.9998171329498291 52
1717401109892 0.9998162388801575 53
1717401118530 0.9998080730438232 54
