1717400653849 0.0008406955166719854 0
1717400662260 0.000494228966999799 1
1717400670962 0.00033712750882841647 2
1717400679356 0.00028085679514333606 3
1717400688090 0.0002644925843924284 4
1717400696784 0.00024739024229347706 5
1717400705500 0.00023408286506310105 6
1717400713993 0.00023404034436680377 7
1717400722561 0.00023500957468058914 8
1717400731276 0.00022495296434499323 9
1717400739667 0.00022508912661578506 10
1717400748267 0.000218147411942482 11
1717400756788 0.00021680041390936822 12
1717400765222 0.00020960942492820323 13
1717400773939 0.0002089436602545902 14
1717400782380 0.0002107352192979306 15
1717400791256 0.00019933698058594018 16
1717400799802 0.00019948786939494312 17
1717400808316 0.000195921296835877 18
1717400816684 0.00019305144087411463 19
1717400825373 0.0001859549811342731 20
1717400833892 0.00018550433742348105 21
1717400842276 0.00018725245899986476 22
1717400850755 0.0001977455976884812 23
1717400859410 0.0001821934711188078 24
1717400868162 0.00018028129125013947 25
1717400876985 0.00018522507161833346 26
1717400885601 0.0001759998413035646 27
1717400894303 0.00017793712322600186 28
1717400902894 0.00017167816986329854 29
1717400911349 0.00017764486256055534 30
1717400919919 0.00017347258108202368 31
1717400928433 0.00017324587679468095 32
1717400937028 0.00017829022544901818 33
1717400945594 0.00017129990737885237 34
1717400954215 0.0001721713342703879 35
1717400962669 0.00017081372789107263 36
1717400971317 0.00016791325469966978 37
1717400979892 0.00017744311480782926 38
1717400988487 0.0001637749810470268 39
1717400997557 0.00017028705042321235 40
1717401006418 0.00017415673937648535 41
1717401015027 0.0001699910790193826 42
1717401023504 0.0001767439243849367 43
1717401032272 0.00016778094868641347 44
1717401040860 0.00017039528756868094 45
1717401049403 0.00016685930313542485 46
1717401058089 0.00016745884204283357 47
1717401066696 0.00016999589570332319 48
1717401075278 0.0001652941427892074 49
1717401083920 0.00016475793381687254 50
1717401092439 0.00015897638513706625 51
1717401101178 0.00015994906425476074 52
1717401109892 0.00016063934890553355 53
1717401118530 0.00016438101010862738 54
