1717400653849 0.04242842271924019 0
1717400662260 0.45877888798713684 1
1717400670962 0.6243532299995422 2
1717400679356 0.678854763507843 3
1717400688090 0.7030010223388672 4
1717400696784 0.72369784116745 5
1717400705500 0.734046220779419 6
1717400713993 0.7399103045463562 7
1717400722561 0.7385305166244507 8
1717400731276 0.7478440999984741 9
1717400739667 0.752673327922821 10
1717400748267 0.76302170753479 11
1717400756788 0.7640565633773804 12
1717400765222 0.7792342305183411 13
1717400773939 0.77647465467453 14
1717400782380 0.7830286026000977 15
1717400791256 0.7902725338935852 16
1717400799802 0.7902725338935852 17
1717400808316 0.8037254214286804 18
1717400816684 0.8085546493530273 19
1717400825373 0.8147637248039246 20
1717400833892 0.810624361038208 21
1717400842276 0.8120041489601135 22
1717400850755 0.7961366176605225 23
1717400859410 0.8199378848075867 24
1717400868162 0.820972740650177 25
1717400876985 0.8130390048027039 26
1717400885601 0.8292514681816101 27
1717400894303 0.8244222402572632 28
1717400902894 0.8361504077911377 29
1717400911349 0.8289065361022949 30
1717400919919 0.8337357640266418 31
1717400928433 0.8392549157142639 32
1717400937028 0.8223525285720825 33
1717400945594 0.8333908319473267 34
1717400954215 0.8392549157142639 35
1717400962669 0.8389099836349487 36
1717400971317 0.8416695594787598 37
1717400979892 0.8268368244171143 38
1717400988487 0.844774067401886 39
1717400997557 0.8354604840278625 40
1717401006418 0.8282166123390198 41
1717401015027 0.8378751277923584 42
1717401023504 0.8275267481803894 43
1717401032272 0.8378751277923584 44
1717401040860 0.8337357640266418 45
1717401049403 0.8333908319473267 46
1717401058089 0.834080696105957 47
1717401066696 0.8347706198692322 48
1717401075278 0.837185263633728 49
1717401083920 0.8437392115592957 50
1717401092439 0.8437392115592957 51
1717401101178 0.8502932190895081 52
1717401109892 0.8458089232444763 53
1717401118530 0.8392549157142639 54
