1717400653849 3300139.0 0
1717400662260 3299955.0 1
1717400670962 3300048.0 2
1717400679356 3300084.0 3
1717400688090 3300102.0 4
1717400696784 3300117.0 5
1717400705500 3300141.0 6
1717400713993 3300141.0 7
1717400722561 3300132.0 8
1717400731276 3300135.0 9
1717400739667 3300149.0 10
1717400748267 3300133.0 11
1717400756788 3300138.0 12
1717400765222 3300151.0 13
1717400773939 3300140.0 14
1717400782380 3300140.0 15
1717400791256 3300154.0 16
1717400799802 3300153.0 17
1717400808316 3300146.0 18
1717400816684 3300149.0 19
1717400825373 3300157.0 20
1717400833892 3300176.0 21
1717400842276 3300157.0 22
1717400850755 3300150.0 23
1717400859410 3300161.0 24
1717400868162 3300158.0 25
1717400876985 3300157.0 26
1717400885601 3300164.0 27
1717400894303 3300157.0 28
1717400902894 3300164.0 29
1717400911349 3300166.0 30
1717400919919 3300166.0 31
1717400928433 3300156.0 32
1717400937028 3300156.0 33
1717400945594 3300166.0 34
1717400954215 3300161.0 35
1717400962669 3300155.0 36
1717400971317 3300169.0 37
1717400979892 3300171.0 38
1717400988487 3300168.0 39
1717400997557 3300175.0 40
1717401006418 3300165.0 41
1717401015027 3300169.0 42
1717401023504 3300169.0 43
1717401032272 3300178.0 44
1717401040860 3300171.0 45
1717401049403 3300171.0 46
1717401058089 3300167.0 47
1717401066696 3300181.0 48
1717401075278 3300189.0 49
1717401083920 3300169.0 50
1717401092439 3300188.0 51
1717401101178 3300178.0 52
1717401109892 3300188.0 53
1717401118530 3300180.0 54
