1717398467138 0.9990993738174438 0
1717398475551 0.9990939497947693 1
1717398484099 0.9990763664245605 2
1717398492551 0.9990563988685608 3
1717398501284 0.9990654587745667 4
1717398509873 0.9990687966346741 5
1717398518270 0.9990684986114502 6
1717398526947 0.9991042017936707 7
1717398535426 0.9990866780281067 8
1717398543947 0.9991284608840942 9
1717398552350 0.9991296529769897 10
1717398560720 0.999129056930542 11
1717398569105 0.9991605281829834 12
1717398578569 0.9991547465324402 13
1717398589412 0.9991680979728699 14
1717398598237 0.9991680979728699 15
1717398608160 0.9991962313652039 16
1717398618764 0.999202311038971 17
1717398627792 0.9992014169692993 18
1717398636791 0.9992159008979797 19
1717398645049 0.9992289543151855 20
1717398653525 0.9992398619651794 21
1717398663535 0.9992386102676392 22
1717398672520 0.9992498159408569 23
1717398681605 0.999277651309967 24
1717398690546 0.9992652535438538 25
1717398699180 0.9992570877075195 26
1717398707998 0.9992970824241638 27
1717398716607 0.9992819428443909 28
1717398725259 0.9993143081665039 29
1717398733784 0.9993164539337158 30
