1717398467138 0.6984131932258606 0
1717398475551 0.8610943555831909 1
1717398484099 0.923943281173706 2
1717398492551 0.9502836465835571 3
1717398501284 0.9583609700202942 4
1717398509873 0.9659692645072937 5
1717398518270 0.9694486856460571 6
1717398526947 0.9751718640327454 7
1717398535426 0.9755605459213257 8
1717398543947 0.9784584641456604 9
1717398552350 0.9783276319503784 10
1717398560720 0.9775521755218506 11
1717398569105 0.9790230989456177 12
1717398578569 0.9774668216705322 13
1717398589412 0.9784743189811707 14
1717398598237 0.9787065982818604 15
1717398608160 0.9796400666236877 16
1717398618764 0.9782720804214478 17
1717398627792 0.9789867401123047 18
1717398636791 0.9799016714096069 19
1717398645049 0.9782137274742126 20
1717398653525 0.9784420132637024 21
1717398663535 0.978617787361145 22
1717398672520 0.9800057411193848 23
1717398681605 0.9783244729042053 24
1717398690546 0.9785147309303284 25
1717398699180 0.9786843657493591 26
1717398707998 0.9795892238616943 27
1717398716607 0.9775237441062927 28
1717398725259 0.9796187877655029 29
1717398733784 0.9803166389465332 30
