1717398467138 0.0008880459936335683 0
1717398475551 0.0008739313343539834 1
1717398484099 0.0008435061317868531 2
1717398492551 0.0008195263217203319 3
1717398501284 0.0007848770474083722 4
1717398509873 0.0007598170195706189 5
1717398518270 0.000746564066503197 6
1717398526947 0.0007217959500849247 7
1717398535426 0.000713012763299048 8
1717398543947 0.0006864915485493839 9
1717398552350 0.0006830734782852232 10
1717398560720 0.0006814113585278392 11
1717398569105 0.0006519595626741648 12
1717398578569 0.0006611250573769212 13
1717398589412 0.0006343465647660196 14
1717398598237 0.0006372986827045679 15
1717398608160 0.0006094429409131408 16
1717398618764 0.0006132228299975395 17
1717398627792 0.0006070724921301007 18
1717398636791 0.0005948240868747234 19
1717398645049 0.0005880361422896385 20
1717398653525 0.000568364979699254 21
1717398663535 0.0005721282796002924 22
1717398672520 0.000569357827771455 23
1717398681605 0.0005467833834700286 24
1717398690546 0.0005571104702539742 25
1717398699180 0.0005632187821902335 26
1717398707998 0.000538528198376298 27
1717398716607 0.0005426279967650771 28
1717398725259 0.0005230897222645581 29
1717398733784 0.00052284897537902 30
