1717398467138 78.0 0
1717398475551 103.0 1
1717398484099 204.0 2
1717398492551 340.0 3
1717398501284 395.0 4
1717398509873 460.0 5
1717398518270 503.0 6
1717398526947 478.0 7
1717398535426 538.0 8
1717398543947 486.0 9
1717398552350 501.0 10
1717398560720 515.0 11
1717398569105 497.0 12
1717398578569 493.0 13
1717398589412 534.0 14
1717398598237 551.0 15
1717398608160 539.0 16
1717398618764 520.0 17
1717398627792 535.0 18
1717398636791 521.0 19
1717398645049 529.0 20
1717398653525 532.0 21
1717398663535 529.0 22
1717398672520 522.0 23
1717398681605 516.0 24
1717398690546 551.0 25
1717398699180 540.0 26
1717398707998 514.0 27
1717398716607 546.0 28
1717398725259 503.0 29
1717398733784 537.0 30
