1717398467138 0.005927066318690777 0
1717398475551 0.004719956777989864 1
1717398484099 0.004053072072565556 2
1717398492551 0.0036811812315136194 3
1717398501284 0.003413257421925664 4
1717398509873 0.0031915295403450727 5
1717398518270 0.0031085137743502855 6
1717398526947 0.002998476615175605 7
1717398535426 0.0029367103707045317 8
1717398543947 0.0028002981562167406 9
1717398552350 0.0028118551708757877 10
1717398560720 0.002817916451022029 11
1717398569105 0.00268152286298573 12
1717398578569 0.0027167736552655697 13
1717398589412 0.002606541384011507 14
1717398598237 0.0026005334220826626 15
1717398608160 0.0025134903844445944 16
1717398618764 0.0025385385379195213 17
1717398627792 0.0025006402283906937 18
1717398636791 0.002430019434541464 19
1717398645049 0.0024221467319875956 20
1717398653525 0.002356722252443433 21
1717398663535 0.0023788269609212875 22
1717398672520 0.002365332329645753 23
1717398681605 0.0022697739768773317 24
1717398690546 0.0023019681684672832 25
1717398699180 0.0023291364777833223 26
1717398707998 0.0022446978837251663 27
1717398716607 0.002259979024529457 28
1717398725259 0.0021981887985020876 29
1717398733784 0.002185608958825469 30
