1717398467138 0.014690096490085125 0
1717398475551 0.04738668352365494 1
1717398484099 0.10797061771154404 2
1717398492551 0.16315941512584686 3
1717398501284 0.21787473559379578 4
1717398509873 0.2594713270664215 5
1717398518270 0.28126996755599976 6
1717398526947 0.3126167356967926 7
1717398535426 0.3286551535129547 8
1717398543947 0.35906898975372314 9
1717398552350 0.3658878207206726 10
1717398560720 0.36838263273239136 11
1717398569105 0.4033547639846802 12
1717398578569 0.3955821692943573 13
1717398589412 0.4319344162940979 14
1717398598237 0.4290819466114044 15
1717398608160 0.4657532572746277 16
1717398618764 0.45877835154533386 17
1717398627792 0.46776407957077026 18
1717398636791 0.48441413044929504 19
1717398645049 0.4948166012763977 20
1717398653525 0.5137569308280945 21
1717398663535 0.5081746578216553 22
1717398672520 0.5158672332763672 23
1717398681605 0.5391611456871033 24
1717398690546 0.5325444340705872 25
1717398699180 0.524681031703949 26
1717398707998 0.5467730164527893 27
1717398716607 0.5507827997207642 28
1717398725259 0.5692921876907349 29
1717398733784 0.5616782903671265 30
