1717398467138 0.0006898930878378451 0
1717398475551 0.0031045188661664724 1
1717398484099 0.017937220633029938 2
1717398492551 0.04208347573876381 3
1717398501284 0.07140393555164337 4
1717398509873 0.09761986881494522 5
1717398518270 0.11210761964321136 6
1717398526947 0.14418764412403107 7
1717398535426 0.14487753808498383 8
1717398543947 0.17454294860363007 9
1717398552350 0.18109692633152008 10
1717398560720 0.18523629009723663 11
1717398569105 0.21490168571472168 12
1717398578569 0.20696792006492615 13
1717398589412 0.23628836870193481 14
1717398598237 0.24215246737003326 15
1717398608160 0.2700931429862976 16
1717398618764 0.2704380750656128 17
1717398627792 0.27457743883132935 18
1717398636791 0.28630563616752625 19
1717398645049 0.303897887468338 20
1717398653525 0.3173508048057556 21
1717398663535 0.31493619084358215 22
1717398672520 0.32528457045555115 23
1717398681605 0.3549499809741974 24
1717398690546 0.3528802990913391 25
1717398699180 0.3397723436355591 26
1717398707998 0.3763366639614105 27
1717398716607 0.3701276183128357 28
1717398725259 0.3922041952610016 29
1717398733784 0.40634700655937195 30
