1717398467138 2.0 0
1717398475551 9.0 1
1717398484099 52.0 2
1717398492551 122.0 3
1717398501284 207.0 4
1717398509873 283.0 5
1717398518270 325.0 6
1717398526947 418.0 7
1717398535426 420.0 8
1717398543947 506.0 9
1717398552350 525.0 10
1717398560720 537.0 11
1717398569105 623.0 12
1717398578569 600.0 13
1717398589412 685.0 14
1717398598237 702.0 15
1717398608160 783.0 16
1717398618764 784.0 17
1717398627792 796.0 18
1717398636791 830.0 19
1717398645049 881.0 20
1717398653525 920.0 21
1717398663535 913.0 22
1717398672520 943.0 23
1717398681605 1029.0 24
1717398690546 1023.0 25
1717398699180 985.0 26
1717398707998 1091.0 27
1717398716607 1073.0 28
1717398725259 1137.0 29
1717398733784 1178.0 30
