1726847597075 0.9990948438644409 0
1726847610397 0.9993315935134888 1
1726847624397 0.9996576309204102 2
1726847639619 0.9996963739395142 3
1726847655568 0.9996882081031799 4
1726847666832 0.9997202754020691 5
1726847678385 0.999724805355072 6
1726847690275 0.9997314810752869 7
1726847703373 0.999733567237854 8
1726847715319 0.9997239112854004 9
1726847727915 0.999741792678833 10
1726847744679 0.9997460246086121 11
1726847761917 0.999744176864624 12
1726847779332 0.9997645020484924 13
1726847796706 0.9997496604919434 14
1726847813838 0.999756932258606 15
1726847829295 0.9997665882110596 16
1726847841129 0.9997447729110718 17
1726847851718 0.9997720718383789 18
1726847862523 0.999761164188385 19
1726847873503 0.9997726678848267 20
1726847884284 0.9997723698616028 21
1726847895385 0.9997656941413879 22
1726847906483 0.9997711181640625 23
1726847919390 0.9997799396514893 24
1726847931520 0.999776303768158 25
1726847943072 0.9997766017913818 26
1726847954508 0.9997771978378296 27
1726847966040 0.9997856616973877 28
1726847977735 0.9997996091842651 29
1726847989543 0.9997953772544861 30
1726848001372 0.9997844696044922 31
1726848013045 0.9997953772544861 32
1726848026208 0.9997835755348206 33
1726848038359 0.9997932314872742 34
1726848050509 0.9997941255569458 35
1726848063469 0.9997983574867249 36
1726848076058 0.9998032450675964 37
1726848086619 0.9997771978378296 38
