1726847597075 0.8145729303359985 0
1726847610397 0.9575096368789673 1
1726847624397 0.9662901163101196 2
1726847639619 0.9645896553993225 3
1726847655568 0.9707419872283936 4
1726847666832 0.9815178513526917 5
1726847678385 0.982730507850647 6
1726847690275 0.982877254486084 7
1726847703373 0.9839051961898804 8
1726847715319 0.9871494174003601 9
1726847727915 0.9864855408668518 10
1726847744679 0.98871910572052 11
1726847761917 0.9883579611778259 12
1726847779332 0.9892464876174927 13
1726847796706 0.9902405738830566 14
1726847813838 0.9906065464019775 15
1726847829295 0.9899341464042664 16
1726847841129 0.9912630319595337 17
1726847851718 0.990260660648346 18
1726847862523 0.991449236869812 19
1726847873503 0.9907798171043396 20
1726847884284 0.9911195635795593 21
1726847895385 0.9906030893325806 22
1726847906483 0.9911174774169922 23
1726847919390 0.9918181896209717 24
1726847931520 0.9912972450256348 25
1726847943072 0.9913181662559509 26
1726847954508 0.9909628033638 27
1726847966040 0.9914694428443909 28
1726847977735 0.9921826720237732 29
1726847989543 0.9911333322525024 30
1726848001372 0.9925138354301453 31
1726848013045 0.9920123219490051 32
1726848026208 0.9914652109146118 33
1726848038359 0.9923366904258728 34
1726848050509 0.9925121665000916 35
1726848063469 0.9923334121704102 36
1726848076058 0.9911417365074158 37
1726848086619 0.9909628033638 38
