1726847597075 0.0008370572468265891 0
1726847610397 0.0005455330829136074 1
1726847624397 0.0002829590521287173 2
1726847639619 0.00024438113905489445 3
1726847655568 0.0002483618154656142 4
1726847666832 0.00022217686637304723 5
1726847678385 0.00021561328321695328 6
1726847690275 0.0002094148803735152 7
1726847703373 0.00020605261670425534 8
1726847715319 0.0002156055998057127 9
1726847727915 0.0001984147820621729 10
1726847744679 0.0001918438938446343 11
1726847761917 0.00019570064614526927 12
1726847779332 0.00018435827223584056 13
1726847796706 0.00019303419685456902 14
1726847813838 0.00018539164739195257 15
1726847829295 0.000180602801265195 16
1726847841129 0.00019568298012018204 17
1726847851718 0.0001772477844497189 18
1726847862523 0.00018765848653856665 19
1726847873503 0.00017779148765839636 20
1726847884284 0.00017558042600285262 21
1726847895385 0.00018343186820857227 22
1726847906483 0.00017874175682663918 23
1726847919390 0.00017332355491816998 24
1726847931520 0.00017602686421014369 25
1726847943072 0.0001697089319350198 26
1726847954508 0.00017623305029701442 27
1726847966040 0.00016967864939942956 28
1726847977735 0.0001604976860107854 29
1726847989543 0.00016771943774074316 30
1726848001372 0.00016733839584048837 31
1726848013045 0.00016291698557324708 32
1726848026208 0.00016953742306213826 33
1726848038359 0.00016501046775374562 34
1726848050509 0.00016252152272500098 35
1726848063469 0.00016260164557024837 36
1726848076058 0.00015656538016628474 37
1726848086619 0.00017623305029701442 38
