1726847597075 2752.0 0
1726847610397 1752.0 1
1726847624397 841.0 2
1726847639619 758.0 3
1726847655568 779.0 4
1726847666832 694.0 5
1726847678385 679.0 6
1726847690275 664.0 7
1726847703373 660.0 8
1726847715319 683.0 9
1726847727915 636.0 10
1726847744679 626.0 11
1726847761917 629.0 12
1726847779332 575.0 13
1726847796706 617.0 14
1726847813838 602.0 15
1726847829295 576.0 16
1726847841129 643.0 17
1726847851718 564.0 18
1726847862523 588.0 19
1726847873503 555.0 20
1726847884284 563.0 21
1726847895385 582.0 22
1726847906483 580.0 23
1726847919390 542.0 24
1726847931520 556.0 25
1726847943072 554.0 26
1726847954508 546.0 27
1726847966040 547.0 28
1726847977735 494.0 29
1726847989543 504.0 30
1726848001372 538.0 31
1726848013045 506.0 32
1726848026208 538.0 33
1726848038359 523.0 34
1726848050509 510.0 35
1726848063469 511.0 36
1726848076058 489.0 37
1726848086619 546.0 38
