1726847597075 0.004563622642308474 0
1726847610397 0.0023502958938479424 1
1726847624397 0.0013395919231697917 2
1726847639619 0.0012259982759132981 3
1726847655568 0.0012116903671994805 4
1726847666832 0.0011045474093407393 5
1726847678385 0.0010531982406973839 6
1726847690275 0.0010256628738716245 7
1726847703373 0.0009948080405592918 8
1726847715319 0.0010012405691668391 9
1726847727915 0.0009428148623555899 10
1726847744679 0.0009203264489769936 11
1726847761917 0.0009338806848973036 12
1726847779332 0.0008986761095002294 13
1726847796706 0.0009168019751086831 14
1726847813838 0.0008902554982341826 15
1726847829295 0.0008650848758406937 16
1726847841129 0.0009408250916749239 17
1726847851718 0.0008583117160014808 18
1726847862523 0.0008952638600021601 19
1726847873503 0.0008494126377627254 20
1726847884284 0.0008396212942898273 21
1726847895385 0.0008710309630259871 22
1726847906483 0.0008463685517199337 23
1726847919390 0.000834273174405098 24
1726847931520 0.0008398803765885532 25
1726847943072 0.0008294815197587013 26
1726847954508 0.0008550344500690699 27
1726847966040 0.0008177711861208081 28
1726847977735 0.0007953296299092472 29
1726847989543 0.0008039992535486817 30
1726848001372 0.0008097593090496957 31
1726848013045 0.0007790096569806337 32
1726848026208 0.0008121899445541203 33
1726848038359 0.00080960983177647 34
1726848050509 0.0007771578384563327 35
1726848063469 0.0007916450267657638 36
1726848076058 0.0007776978891342878 37
1726848086619 0.0008550344500690699 38
