1726847597075 0.11160781234502792 0
1726847610397 0.5857769846916199 1
1726847624397 0.8335362672805786 2
1726847639619 0.851747453212738 3
1726847655568 0.8572229146957397 4
1726847666832 0.8685588836669922 5
1726847678385 0.874687910079956 6
1726847690275 0.8792685270309448 7
1726847703373 0.8823963403701782 8
1726847715319 0.8792481422424316 9
1726847727915 0.8864167928695679 10
1726847744679 0.889112651348114 11
1726847761917 0.8872184753417969 12
1726847779332 0.8937647342681885 13
1726847796706 0.8883740901947021 14
1726847813838 0.8922529220581055 15
1726847829295 0.8965768218040466 16
1726847841129 0.8845152258872986 17
1726847851718 0.8952498435974121 18
1726847862523 0.8903828859329224 19
1726847873503 0.8980761766433716 20
1726847884284 0.9019044637680054 21
1726847895385 0.8976315855979919 22
1726847906483 0.9008419513702393 23
1726847919390 0.9044547080993652 24
1726847931520 0.9014914035797119 25
1726847943072 0.9033594727516174 26
1726847954508 0.8984168171882629 27
1726847966040 0.9045689105987549 28
1726847977735 0.9080935716629028 29
1726847989543 0.9075510501861572 30
1726848001372 0.9055919647216797 31
1726848013045 0.9108463525772095 32
1726848026208 0.9036529064178467 33
1726848038359 0.9060500860214233 34
1726848050509 0.9097892045974731 35
1726848063469 0.9064309000968933 36
1726848076058 0.9075730443000793 37
1726848086619 0.8984168171882629 38
