1726847597075 0.38181817531585693 0
1726847610397 0.7155333757400513 1
1726847624397 0.8764906525611877 2
1726847639619 0.8973177075386047 3
1726847655568 0.8941375017166138 4
1726847666832 0.9055441617965698 5
1726847678385 0.9061224460601807 6
1726847690275 0.9092758297920227 7
1726847703373 0.9105327129364014 8
1726847715319 0.9063394665718079 9
1726847727915 0.9125000238418579 10
1726847744679 0.914320170879364 11
1726847761917 0.9131134152412415 12
1726847779332 0.9196676015853882 13
1726847796706 0.915730357170105 14
1726847813838 0.9195356369018555 15
1726847829295 0.9225575923919678 16
1726847841129 0.9185667634010315 17
1726847851718 0.9251188635826111 18
1726847862523 0.9199841022491455 19
1726847873503 0.9228346347808838 20
1726847884284 0.9251484870910645 21
1726847895385 0.9234755039215088 22
1726847906483 0.9294589161872864 23
1726847919390 0.9272226691246033 24
1726847931520 0.9275534152984619 25
1726847943072 0.9272439479827881 26
1726847954508 0.9252851009368896 27
1726847966040 0.9359331727027893 28
1726847977735 0.9347065687179565 29
1726847989543 0.9329957365989685 30
1726848001372 0.9313609600067139 31
1726848013045 0.9336714744567871 32
1726848026208 0.9302600622177124 33
1726848038359 0.9369085431098938 34
1726848050509 0.9335678219795227 35
1726848063469 0.9390483498573303 36
1726848076058 0.937378466129303 37
1726848086619 0.9252851009368896 38
