1726847597075 0.0507071390748024 0
1726847610397 0.3956536650657654 1
1726847624397 0.7098999619483948 2
1726847639619 0.7385305166244507 3
1726847655568 0.7312866449356079 4
1726847666832 0.760607123374939 5
1726847678385 0.7657812833786011 6
1726847690275 0.770955502986908 7
1726847703373 0.7723352909088135 8
1726847715319 0.7644014954566956 9
1726847727915 0.7806140184402466 10
1726847744679 0.784063458442688 11
1726847761917 0.7830286026000977 12
1726847779332 0.8016557693481445 13
1726847796706 0.7871679663658142 14
1726847813838 0.7923421859741211 15
1726847829295 0.8013107776641846 16
1726847841129 0.7781993746757507 17
1726847851718 0.8054501414299011 18
1726847862523 0.797171413898468 19
1726847873503 0.8085546493530273 20
1726847884284 0.8057950735092163 21
1726847895385 0.7992411255836487 22
1726847906483 0.799930989742279 23
1726847919390 0.8130390048027039 24
1726847931520 0.8082097172737122 25
1726847943072 0.8088996410369873 26
1726847954508 0.8116592168807983 27
1726847966040 0.8113142251968384 28
1726847977735 0.8295964002609253 29
1726847989543 0.8261469602584839 30
1726848001372 0.8144187927246094 31
1726848013045 0.8254570364952087 32
1726848026208 0.8144187927246094 33
1726848038359 0.8195929527282715 34
1726848050509 0.8240772485733032 35
1726848063469 0.823732316493988 36
1726848076058 0.831321120262146 37
1726848086619 0.8116592168807983 38
