1726847597075 3300110.0 0
1726847610397 3299892.0 1
1726847624397 3300058.0 2
1726847639619 3300103.0 3
1726847655568 3300097.0 4
1726847666832 3300118.0 5
1726847678385 3300118.0 6
1726847690275 3300125.0 7
1726847703373 3300128.0 8
1726847715319 3300119.0 9
1726847727915 3300131.0 10
1726847744679 3300135.0 11
1726847761917 3300132.0 12
1726847779332 3300145.0 13
1726847796706 3300138.0 14
1726847813838 3300147.0 15
1726847829295 3300153.0 16
1726847841129 3300148.0 17
1726847851718 3300159.0 18
1726847862523 3300147.0 19
1726847873503 3300152.0 20
1726847884284 3300159.0 21
1726847895385 3300156.0 22
1726847906483 3300172.0 23
1726847919390 3300163.0 24
1726847931520 3300165.0 25
1726847943072 3300164.0 26
1726847954508 3300158.0 27
1726847966040 3300187.0 28
1726847977735 3300180.0 29
1726847989543 3300176.0 30
1726848001372 3300174.0 31
1726848013045 3300178.0 32
1726848026208 3300171.0 33
1726848038359 3300188.0 34
1726848050509 3300178.0 35
1726848063469 3300193.0 36
1726848076058 3300187.0 37
1726848086619 3300158.0 38
