1726847597075 147.0 0
1726847610397 1147.0 1
1726847624397 2058.0 2
1726847639619 2141.0 3
1726847655568 2120.0 4
1726847666832 2205.0 5
1726847678385 2220.0 6
1726847690275 2235.0 7
1726847703373 2239.0 8
1726847715319 2216.0 9
1726847727915 2263.0 10
1726847744679 2273.0 11
1726847761917 2270.0 12
1726847779332 2324.0 13
1726847796706 2282.0 14
1726847813838 2297.0 15
1726847829295 2323.0 16
1726847841129 2256.0 17
1726847851718 2335.0 18
1726847862523 2311.0 19
1726847873503 2344.0 20
1726847884284 2336.0 21
1726847895385 2317.0 22
1726847906483 2319.0 23
1726847919390 2357.0 24
1726847931520 2343.0 25
1726847943072 2345.0 26
1726847954508 2353.0 27
1726847966040 2352.0 28
1726847977735 2405.0 29
1726847989543 2395.0 30
1726848001372 2361.0 31
1726848013045 2393.0 32
1726848026208 2361.0 33
1726848038359 2376.0 34
1726848050509 2389.0 35
1726848063469 2388.0 36
1726848076058 2410.0 37
1726848086619 2353.0 38
