1715342213301 0.9708071947097778 0
1715342222166 0.9991223812103271 1
1715342231056 0.9991223812103271 2
1715342239926 0.9991223812103271 3
1715342248842 0.9991223812103271 4
1715342257671 0.9991223812103271 5
1715342266585 0.9991214871406555 6
1715342275483 0.9991317391395569 7
1715342284262 0.9991408586502075 8
1715342293394 0.9991390109062195 9
1715342302341 0.9991559982299805 10
1715342311152 0.9991617202758789 11
1715342320080 0.9991768598556519 12
1715342328666 0.999170184135437 13
1715342337027 0.9991844296455383 14
1715342345410 0.9991844296455383 15
1715342354215 0.9991880655288696 16
1715342362818 0.9991868734359741 17
