1715342213301 0.5165828466415405 0
1715342222166 0.593559980392456 1
1715342231056 0.7015337944030762 2
1715342239926 0.8541498184204102 3
1715342248842 0.9512509107589722 4
1715342257671 0.975884735584259 5
1715342266585 0.9799143671989441 6
1715342275483 0.9804409742355347 7
1715342284262 0.9809125065803528 8
1715342293394 0.9811128377914429 9
1715342302341 0.9817516207695007 10
1715342311152 0.9818307161331177 11
1715342320080 0.9813900589942932 12
1715342328666 0.9813963174819946 13
1715342337027 0.9817748069763184 14
1715342345410 0.9814453721046448 15
1715342354215 0.9814686179161072 16
1715342362818 0.981819748878479 17
