1715342213301 0.03121057152748108 0
1715342222166 0.0029449849389493465 1
1715342231056 0.001587080885656178 2
1715342239926 0.0011058278614655137 3
1715342248842 0.0008871235186234117 4
1715342257671 0.0007780532469041646 5
1715342266585 0.0007219539838843048 6
1715342275483 0.000689135049469769 7
1715342284262 0.0006761708646081388 8
1715342293394 0.0006556385778822005 9
1715342302341 0.0006312497425824404 10
1715342311152 0.0006170238484628499 11
1715342320080 0.0006017730920575559 12
1715342328666 0.0005992954829707742 13
1715342337027 0.0005861069657839835 14
1715342345410 0.0005837848875671625 15
1715342354215 0.0005790189024992287 16
1715342362818 0.0005790223949588835 17
