1715342213301 0.11590935289859772 0
1715342222166 0.01874684728682041 1
1715342231056 0.010735802352428436 2
1715342239926 0.006813314277678728 3
1715342248842 0.004617288708686829 4
1715342257671 0.0035973009653389454 5
1715342266585 0.003151987213641405 6
1715342275483 0.002948248293250799 7
1715342284262 0.0028308371547609568 8
1715342293394 0.0027762369718402624 9
1715342302341 0.002618304453790188 10
1715342311152 0.002607235684990883 11
1715342320080 0.0025580567307770252 12
1715342328666 0.0025303272996097803 13
1715342337027 0.0024471112992614508 14
1715342345410 0.002436308655887842 15
1715342354215 0.0024832666385918856 16
1715342362818 0.0024364518467336893 17
