1715342213301 0.0008848509169183671 0
1715342222166 0.0013322088634595275 1
1715342231056 0.0031954715959727764 2
1715342239926 0.012241561897099018 3
1715342248842 0.051810480654239655 4
1715342257671 0.2060408741235733 5
1715342266585 0.3125793933868408 6
1715342275483 0.36888834834098816 7
1715342284262 0.38112765550613403 8
1715342293394 0.41332000494003296 9
1715342302341 0.4579002559185028 10
1715342311152 0.4737270176410675 11
1715342320080 0.5013545155525208 12
1715342328666 0.5025641918182373 13
1715342337027 0.5211136341094971 14
1715342345410 0.5188105702400208 15
1715342354215 0.5265050530433655 16
1715342362818 0.526992917060852 17
