1715342213301 0.0007792651304043829 0
1715342222166 0.0 1
1715342231056 0.0 2
1715342239926 0.0 3
1715342248842 0.0 4
1715342257671 0.0 5
1715342266585 0.4117647111415863 6
1715342275483 0.701298713684082 7
1715342284262 0.7479674816131592 8
1715342293394 0.6328502297401428 9
1715342302341 0.7003610134124756 10
1715342311152 0.6795580387115479 11
1715342320080 0.7132701277732849 12
1715342328666 0.6803653240203857 13
1715342337027 0.7029703259468079 14
1715342345410 0.7122153043746948 15
1715342354215 0.6976320743560791 16
1715342362818 0.6932849287986755 17
