1715342213301 0.02518109604716301 0
1715342222166 0.0 1
1715342231056 0.0 2
1715342239926 0.0 3
1715342248842 0.0 4
1715342257671 0.0 5
1715342266585 0.0024146258365362883 6
1715342275483 0.018627112731337547 7
1715342284262 0.03173508122563362 8
1715342293394 0.045187994837760925 9
1715342302341 0.06691962480545044 10
1715342311152 0.08485684543848038 11
1715342320080 0.10382890701293945 12
1715342328666 0.10279406607151031 13
1715342337027 0.12245602160692215 14
1715342345410 0.11866160482168198 15
1715342354215 0.13211452960968018 16
1715342362818 0.1317695826292038 17
