1722026391241 0.9991456866264343 0
1722026411547 0.9995670914649963 1
1722026430523 0.9997060298919678 2
1722026452482 0.9997444748878479 3
1722026474165 0.9997638463973999 4
1722026494863 0.9997711181640625 5
1722026519308 0.9997677803039551 6
1722026543580 0.9997862577438354 7
1722026570255 0.9997823238372803 8
1722026589347 0.9997947216033936 9
1722026607459 0.9997971653938293 10
1722026628320 0.9997959733009338 11
1722026646496 0.9998029470443726 12
1722026667126 0.9998137950897217 13
1722026690637 0.9998131990432739 14
1722026714979 0.999817430973053 15
1722026734278 0.9998140931129456 16
1722026755235 0.9998080730438232 17
1722026777134 0.999823808670044 18
1722026801055 0.9998180866241455 19
1722026824165 0.9998277425765991 20
1722026845004 0.9998259544372559 21
1722026863513 0.9998295903205872 22
1722026881793 0.9998307824134827 23
1722026901181 0.9998389482498169 24
1722026922815 0.9998422861099243 25
1722026945410 0.9998404383659363 26
1722026971097 0.9998289346694946 27
1722026990506 0.9998286366462708 28
1722027010150 0.9998389482498169 29
1722027026111 0.9998365044593811 30
1722027042602 0.9998362064361572 31
1722027060402 0.9998434782028198 32
1722027079511 0.9998389482498169 33
1722027100465 0.9998534917831421 34
1722027122851 0.9998428821563721 35
1722027147604 0.9998471140861511 36
1722027169731 0.9998522400856018 37
1722027189007 0.9998525977134705 38
1722027208592 0.9998462200164795 39
1722027231118 0.9998483061790466 40
1722027250227 0.9998510479927063 41
1722027267698 0.999858021736145 42
