1722026391241 0.8795371651649475 0
1722026411547 0.9746612906455994 1
1722026430523 0.9776850342750549 2
1722026452482 0.9799397587776184 3
1722026474165 0.9799483418464661 4
1722026494863 0.9801245331764221 5
1722026519308 0.980125367641449 6
1722026543580 0.9794377684593201 7
1722026570255 0.979956865310669 8
1722026589347 0.9787514805793762 9
1722026607459 0.9796159267425537 10
1722026628320 0.9787529110908508 11
1722026646496 0.9804792404174805 12
1722026667126 0.9809996485710144 13
1722026690637 0.9808260798454285 14
1722026714979 0.9804834127426147 15
1722026734278 0.9803100228309631 16
1722026755235 0.980826199054718 17
1722026777134 0.9804839491844177 18
1722026801055 0.9803133010864258 19
1722026824165 0.9808306694030762 20
1722026845004 0.9804854989051819 21
1722026863513 0.9799701571464539 22
1722026881793 0.9806603789329529 23
1722026901181 0.9810060262680054 24
1722026922815 0.9804893136024475 25
1722026945410 0.9806621074676514 26
1722026971097 0.979453980922699 27
1722026990506 0.9804896116256714 28
1722027010150 0.9803164601325989 29
1722027026111 0.9808347225189209 30
1722027042602 0.9811805486679077 31
1722027060402 0.9803174138069153 32
1722027079511 0.9803167581558228 33
1722027100465 0.9810097813606262 34
1722027122851 0.9811818599700928 35
1722027147604 0.9806649684906006 36
1722027169731 0.9803206920623779 37
1722027189007 0.9806652665138245 38
1722027208592 0.9803190231323242 39
1722027231118 0.9808374643325806 40
1722027250227 0.9804922938346863 41
1722027267698 0.9808402061462402 42
