1722026391241 0.0007657743408344686 0
1722026411547 0.00033708353294059634 1
1722026430523 0.0002369273133808747 2
1722026452482 0.0002050772454822436 3
1722026474165 0.00018807356536854059 4
1722026494863 0.00018490373622626066 5
1722026519308 0.00018577446462586522 6
1722026543580 0.0001721140433801338 7
1722026570255 0.00017169273633044213 8
1722026589347 0.00016534618043806404 9
1722026607459 0.0001635481312405318 10
1722026628320 0.00016279960982501507 11
1722026646496 0.00016113193123601377 12
1722026667126 0.00014956963423173875 13
1722026690637 0.00015149833052419126 14
1722026714979 0.00014647789066657424 15
1722026734278 0.00015165918739512563 16
1722026755235 0.00015608526882715523 17
1722026777134 0.00014398213534150273 18
1722026801055 0.000144509322126396 19
1722026824165 0.0001399692118866369 20
1722026845004 0.0001429429103154689 21
1722026863513 0.0001386437943438068 22
1722026881793 0.0001386103394906968 23
1722026901181 0.0001322382886428386 24
1722026922815 0.00012939762382302433 25
1722026945410 0.00013081362703815103 26
1722026971097 0.0001379883906338364 27
1722026990506 0.00013599227531813085 28
1722027010150 0.00013290418428368866 29
1722027026111 0.00013052904978394508 30
1722027042602 0.00013233964273240417 31
1722027060402 0.00012939280713908374 32
1722027079511 0.0001320215524174273 33
1722027100465 0.00012155529111623764 34
1722027122851 0.00012753251940011978 35
1722027147604 0.00012408525799401104 36
1722027169731 0.00012239799252711236 37
1722027189007 0.00012197030446259305 38
1722027208592 0.00012635633174795657 39
1722027231118 0.00012668524868786335 40
1722027250227 0.0001235418312717229 41
1722027267698 0.00011538993567228317 42
