1722026391241 2552.0 0
1722026411547 1024.0 1
1722026430523 674.0 2
1722026452482 566.0 3
1722026474165 528.0 4
1722026494863 519.0 5
1722026519308 520.0 6
1722026543580 473.0 7
1722026570255 497.0 8
1722026589347 459.0 9
1722026607459 458.0 10
1722026628320 462.0 11
1722026646496 458.0 12
1722026667126 421.0 13
1722026690637 427.0 14
1722026714979 412.0 15
1722026734278 424.0 16
1722026755235 439.0 17
1722026777134 403.0 18
1722026801055 418.0 19
1722026824165 397.0 20
1722026845004 405.0 21
1722026863513 398.0 22
1722026881793 394.0 23
1722026901181 375.0 24
1722026922815 363.0 25
1722026945410 372.0 26
1722026971097 395.0 27
1722026990506 400.0 28
1722027010150 372.0 29
1722027026111 389.0 30
1722027042602 385.0 31
1722027060402 370.0 32
1722027079511 381.0 33
1722027100465 347.0 34
1722027122851 368.0 35
1722027147604 355.0 36
1722027169731 354.0 37
1722027189007 347.0 38
1722027208592 370.0 39
1722027231118 364.0 40
1722027250227 348.0 41
1722027267698 333.0 42
