1722026391241 270.0 0
1722026411547 406.0 1
1722026430523 297.0 2
1722026452482 278.0 3
1722026474165 252.0 4
1722026494863 237.0 5
1722026519308 247.0 6
1722026543580 233.0 7
1722026570255 222.0 8
1722026589347 219.0 9
1722026607459 212.0 10
1722026628320 212.0 11
1722026646496 193.0 12
1722026667126 194.0 13
1722026690637 190.0 14
1722026714979 191.0 15
1722026734278 190.0 16
1722026755235 195.0 17
1722026777134 179.0 18
1722026801055 183.0 19
1722026824165 172.0 20
1722026845004 170.0 21
1722026863513 165.0 22
1722026881793 165.0 23
1722026901181 157.0 24
1722026922815 158.0 25
1722026945410 155.0 26
1722026971097 170.0 27
1722026990506 166.0 28
1722027010150 160.0 29
1722027026111 151.0 30
1722027042602 156.0 31
1722027060402 147.0 32
1722027079511 151.0 33
1722027100465 137.0 34
1722027122851 151.0 35
1722027147604 150.0 36
1722027169731 134.0 37
1722027189007 140.0 38
1722027208592 138.0 39
1722027231118 137.0 40
1722027250227 144.0 41
1722027267698 136.0 42
