1722026391241 0.0038832274731248617 0
1722026411547 0.0014671275857836008 1
1722026430523 0.001113032572902739 2
1722026452482 0.001002298784442246 3
1722026474165 0.0009234460303559899 4
1722026494863 0.0009092615218833089 5
1722026519308 0.0008999439305625856 6
1722026543580 0.0008591150399297476 7
1722026570255 0.0008490140899084508 8
1722026589347 0.0008272478589788079 9
1722026607459 0.0008189564105123281 10
1722026628320 0.0008137106196954846 11
1722026646496 0.0008064046269282699 12
1722026667126 0.0007456082385033369 13
1722026690637 0.0007612982881255448 14
1722026714979 0.0007349226507358253 15
1722026734278 0.000756061403080821 16
1722026755235 0.0007709210040047765 17
1722026777134 0.0007432608981616795 18
1722026801055 0.0007269613561220467 19
1722026824165 0.0007197915692813694 20
1722026845004 0.0007340757292695343 21
1722026863513 0.000698536925483495 22
1722026881793 0.0006959218299016356 23
1722026901181 0.0006845633033663034 24
1722026922815 0.0006680884398519993 25
1722026945410 0.0006736001814715564 26
1722026971097 0.0006967349909245968 27
1722026990506 0.0006876004626974463 28
1722027010150 0.000684618775267154 29
1722027026111 0.0006818433757871389 30
1722027042602 0.0006636632606387138 31
1722027060402 0.0006774398498237133 32
1722027079511 0.0006837114342488348 33
1722027100465 0.000639077159576118 34
1722027122851 0.0006510884268209338 35
1722027147604 0.0006498590810224414 36
1722027169731 0.0006310740136541426 37
1722027189007 0.000649405992589891 38
1722027208592 0.0006499883602373302 39
1722027231118 0.0006560220499522984 40
1722027250227 0.0006428379565477371 41
1722027267698 0.0005976620595902205 42
