1722026391241 0.22478200495243073 0
1722026411547 0.7900211811065674 1
1722026430523 0.861488938331604 2
1722026452482 0.8763257265090942 3
1722026474165 0.8886150121688843 4
1722026494863 0.8927255272865295 5
1722026519308 0.8924685716629028 6
1722026543580 0.8951539993286133 7
1722026570255 0.8971205949783325 8
1722026589347 0.8995245695114136 9
1722026607459 0.90586918592453 10
1722026628320 0.9007284641265869 11
1722026646496 0.9078284502029419 12
1722026667126 0.9156048893928528 13
1722026690637 0.9121849536895752 14
1722026714979 0.9150842428207397 15
1722026734278 0.9148562550544739 16
1722026755235 0.9104479551315308 17
1722026777134 0.9150501489639282 18
1722026801055 0.9186742305755615 19
1722026824165 0.918476402759552 20
1722026845004 0.9181509017944336 21
1722026863513 0.9217482209205627 22
1722026881793 0.9235334992408752 23
1722026901181 0.9236024618148804 24
1722026922815 0.9252683520317078 25
1722026945410 0.9259375333786011 26
1722026971097 0.9230565428733826 27
1722026990506 0.927338182926178 28
1722027010150 0.9237812757492065 29
1722027026111 0.9252397418022156 30
1722027042602 0.9288539886474609 31
1722027060402 0.9258245825767517 32
1722027079511 0.923764169216156 33
1722027100465 0.9305904507637024 34
1722027122851 0.9320151805877686 35
1722027147604 0.931308925151825 36
1722027169731 0.9318199753761292 37
1722027189007 0.9319705963134766 38
1722027208592 0.9282566905021667 39
1722027231118 0.9320000410079956 40
1722027250227 0.9296603202819824 41
1722027267698 0.9376904964447021 42
