1722026391241 0.5623987317085266 0
1722026411547 0.8220078945159912 1
1722026430523 0.8822363018989563 2
1722026452482 0.8935273885726929 3
1722026474165 0.9039267897605896 4
1722026494863 0.9094383120536804 5
1722026519308 0.905940592288971 6
1722026543580 0.9123730659484863 7
1722026570255 0.9153963327407837 8
1722026589347 0.9176381826400757 9
1722026607459 0.9200904369354248 10
1722026628320 0.9199697971343994 11
1722026646496 0.9267274141311646 12
1722026667126 0.927395224571228 13
1722026690637 0.9286251068115234 14
1722026714979 0.9286780953407288 15
1722026734278 0.9287054538726807 16
1722026755235 0.9265536665916443 17
1722026777134 0.9330841302871704 18
1722026801055 0.9313063025474548 19
1722026824165 0.9356768727302551 20
1722026845004 0.9361861944198608 21
1722026863513 0.9381095170974731 22
1722026881793 0.9382022619247437 23
1722026901181 0.9414397478103638 24
1722026922815 0.9413511753082275 25
1722026945410 0.9422073364257812 26
1722026971097 0.9364248514175415 27
1722026990506 0.9377110600471497 28
1722027010150 0.9404540657997131 29
1722027026111 0.9432544112205505 30
1722027042602 0.9415730237960815 31
1722027060402 0.945067286491394 32
1722027079511 0.9434245228767395 33
1722027100465 0.9490516781806946 34
1722027122851 0.9436987042427063 35
1722027147604 0.9443207383155823 36
1722027169731 0.9499813318252563 37
1722027189007 0.9479940533638 38
1722027208592 0.9482564926147461 39
1722027231118 0.948727548122406 40
1722027250227 0.946567714214325 41
1722027267698 0.9496669173240662 42
