1722026391241 0.11969644576311111 0
1722026411547 0.6467747688293457 1
1722026430523 0.7675060629844666 2
1722026452482 0.8047602772712708 3
1722026474165 0.8178682327270508 4
1722026494863 0.820972740650177 5
1722026519308 0.8206278085708618 6
1722026543580 0.8368402719497681 7
1722026570255 0.828561544418335 8
1722026589347 0.8416695594787598 9
1722026607459 0.842014491558075 10
1722026628320 0.8406347036361694 11
1722026646496 0.842014491558075 12
1722026667126 0.8547775149345398 13
1722026690637 0.8527078032493591 14
1722026714979 0.857882022857666 15
1722026734278 0.8537426590919495 16
1722026755235 0.8485684990882874 17
1722026777134 0.8609865307807922 18
1722026801055 0.8558123707771301 19
1722026824165 0.8630562424659729 20
1722026845004 0.8602966666221619 21
1722026863513 0.8627112507820129 22
1722026881793 0.8640910387039185 23
1722026901181 0.8706450462341309 24
1722026922815 0.8747844099998474 25
1722026945410 0.8716799020767212 26
1722026971097 0.8637461066246033 27
1722026990506 0.8620213866233826 28
1722027010150 0.8716799020767212 29
1722027026111 0.8658158183097839 30
1722027042602 0.8671956062316895 31
1722027060402 0.8723697662353516 32
1722027079511 0.868575394153595 33
1722027100465 0.8803035616874695 34
1722027122851 0.8730596899986267 35
1722027147604 0.8775439858436584 36
1722027169731 0.8778889179229736 37
1722027189007 0.8803035616874695 38
1722027208592 0.8723697662353516 39
1722027231118 0.8744394779205322 40
1722027250227 0.8799586296081543 41
1722027267698 0.8851327896118164 42
