1722026391241 3300078.0 0
1722026411547 3299942.0 1
1722026430523 3300051.0 2
1722026452482 3300070.0 3
1722026474165 3300096.0 4
1722026494863 3300111.0 5
1722026519308 3300101.0 6
1722026543580 3300115.0 7
1722026570255 3300126.0 8
1722026589347 3300129.0 9
1722026607459 3300136.0 10
1722026628320 3300136.0 11
1722026646496 3300155.0 12
1722026667126 3300154.0 13
1722026690637 3300158.0 14
1722026714979 3300157.0 15
1722026734278 3300158.0 16
1722026755235 3300153.0 17
1722026777134 3300169.0 18
1722026801055 3300165.0 19
1722026824165 3300176.0 20
1722026845004 3300178.0 21
1722026863513 3300183.0 22
1722026881793 3300183.0 23
1722026901181 3300191.0 24
1722026922815 3300190.0 25
1722026945410 3300193.0 26
1722026971097 3300178.0 27
1722026990506 3300182.0 28
1722027010150 3300188.0 29
1722027026111 3300197.0 30
1722027042602 3300192.0 31
1722027060402 3300201.0 32
1722027079511 3300197.0 33
1722027100465 3300211.0 34
1722027122851 3300197.0 35
1722027147604 3300198.0 36
1722027169731 3300214.0 37
1722027189007 3300208.0 38
1722027208592 3300210.0 39
1722027231118 3300211.0 40
1722027250227 3300204.0 41
1722027267698 3300212.0 42
