1722026391241 347.0 0
1722026411547 1875.0 1
1722026430523 2225.0 2
1722026452482 2333.0 3
1722026474165 2371.0 4
1722026494863 2380.0 5
1722026519308 2379.0 6
1722026543580 2426.0 7
1722026570255 2402.0 8
1722026589347 2440.0 9
1722026607459 2441.0 10
1722026628320 2437.0 11
1722026646496 2441.0 12
1722026667126 2478.0 13
1722026690637 2472.0 14
1722026714979 2487.0 15
1722026734278 2475.0 16
1722026755235 2460.0 17
1722026777134 2496.0 18
1722026801055 2481.0 19
1722026824165 2502.0 20
1722026845004 2494.0 21
1722026863513 2501.0 22
1722026881793 2505.0 23
1722026901181 2524.0 24
1722026922815 2536.0 25
1722026945410 2527.0 26
1722026971097 2504.0 27
1722026990506 2499.0 28
1722027010150 2527.0 29
1722027026111 2510.0 30
1722027042602 2514.0 31
1722027060402 2529.0 32
1722027079511 2518.0 33
1722027100465 2552.0 34
1722027122851 2531.0 35
1722027147604 2544.0 36
1722027169731 2545.0 37
1722027189007 2552.0 38
1722027208592 2529.0 39
1722027231118 2535.0 40
1722027250227 2551.0 41
1722027267698 2566.0 42
