1723900048476 0.9998599290847778 0
1723900065494 0.999843418598175 1
1723900083583 0.9998321533203125 2
1723900103842 0.9998357892036438 3
1723900122498 0.9998223781585693 4
1723900141547 0.9998288750648499 5
1723900163070 0.9998378157615662 6
1723900185953 0.9998352527618408 7
1723900208706 0.9998340010643005 8
1723900229413 0.9998458027839661 9
1723900250917 0.9998340010643005 10
1723900272834 0.9998487234115601 11
1723900293333 0.9998528957366943 12
1723900315071 0.9998454451560974 13
1723900335368 0.9998648762702942 14
1723900355853 0.9998548626899719 15
1723900377714 0.9998568892478943 16
1723900397969 0.999853253364563 17
1723900417253 0.9998572468757629 18
1723900440577 0.9998559355735779 19
