1723900048476 0.9876336455345154 0
1723900065494 0.9897959232330322 1
1723900083583 0.991353452205658 2
1723900103842 0.9938637018203735 3
1723900122498 0.9936738610267639 4
1723900141547 0.9949160814285278 5
1723900163070 0.9935580492019653 6
1723900185953 0.9936708807945251 7
1723900208706 0.9935687184333801 8
1723900229413 0.9933678507804871 9
1723900250917 0.9944953918457031 10
1723900272834 0.9955148100852966 11
1723900293333 0.9946100115776062 12
1723900315071 0.9941864609718323 13
1723900335368 0.9915264844894409 14
1723900355853 0.9932680130004883 15
1723900377714 0.9863529205322266 16
1723900397969 0.9860626459121704 17
1723900417253 0.9830072522163391 18
1723900440577 0.983110249042511 19
