1723900048476 0.0032722291070967913 0
1723900065494 0.0011787216644734144 1
1723900083583 0.0007939010974951088 2
1723900103842 0.0006812710780650377 3
1723900122498 0.000673590402584523 4
1723900141547 0.0006696864147670567 5
1723900163070 0.0006347840535454452 6
1723900185953 0.0006530131213366985 7
1723900208706 0.0006495802663266659 8
1723900229413 0.0006171061540953815 9
1723900250917 0.0006400652346201241 10
1723900272834 0.000626126304268837 11
1723900293333 0.0006008780328556895 12
1723900315071 0.0006123376660980284 13
1723900335368 0.000584735709708184 14
1723900355853 0.0006013015517964959 15
1723900377714 0.0005774788442067802 16
1723900397969 0.0005709856050089002 17
1723900417253 0.0005790365394204855 18
1723900440577 0.0005784423556178808 19
