1723900048476 0.0008188681676983833 0
1723900065494 0.00017346856475342065 1
1723900083583 0.00013817484432365745 2
1723900103842 0.00013404038327280432 3
1723900122498 0.00013922575453761965 4
1723900141547 0.00013671087799593806 5
1723900163070 0.00013081429642625153 6
1723900185953 0.00013462973583955318 7
1723900208706 0.00013391148240771145 8
1723900229413 0.00012717465870082378 9
1723900250917 0.00013410540123004466 10
1723900272834 0.00012360549590084702 11
1723900293333 0.00012108145165257156 12
1723900315071 0.00012590576079674065 13
1723900335368 0.00011350772547302768 14
1723900355853 0.00012001058348687366 15
1723900377714 0.0001177565281977877 16
1723900397969 0.00011713155981851742 17
1723900417253 0.00011593293311307207 18
1723900440577 0.00011855716729769483 19
