1723900048476 0.9018677473068237 0
1723900065494 0.9262204170227051 1
1723900083583 0.9248944520950317 2
1723900103842 0.9282229542732239 3
1723900122498 0.9307831525802612 4
1723900141547 0.9299140572547913 5
1723900163070 0.9348065257072449 6
1723900185953 0.9313139319419861 7
1723900208706 0.9316045641899109 8
1723900229413 0.9373810887336731 9
1723900250917 0.9377793073654175 10
1723900272834 0.9368002414703369 11
1723900293333 0.9394261837005615 12
1723900315071 0.9378622174263 13
1723900335368 0.9392280578613281 14
1723900355853 0.9391458034515381 15
1723900377714 0.9410227537155151 16
1723900397969 0.9427210092544556 17
1723900417253 0.9392469525337219 18
1723900440577 0.9423855543136597 19
