1723900048476 0.9279392957687378 0
1723900065494 0.9285560250282288 1
1723900083583 0.9289005994796753 2
1723900103842 0.9329953789710999 3
1723900122498 0.9309188723564148 4
1723900141547 0.9335859417915344 5
1723900163070 0.93719482421875 6
1723900185953 0.9387572407722473 7
1723900208706 0.9384649991989136 8
1723900229413 0.9412937760353088 9
1723900250917 0.936900794506073 10
1723900272834 0.9432623982429504 11
1723900293333 0.9453176856040955 12
1723900315071 0.9434298276901245 13
1723900335368 0.9498350024223328 14
1723900355853 0.9464364647865295 15
1723900377714 0.9501446485519409 16
1723900397969 0.9473216533660889 17
1723900417253 0.9473800659179688 18
1723900440577 0.9492882490158081 19
