1723900048476 0.9112352728843689 0
1723900065494 0.890130341053009 1
1723900083583 0.8758534789085388 2
1723900103842 0.8758534789085388 3
1723900122498 0.8615766763687134 4
1723900141547 0.8667494058609009 5
1723900163070 0.8737844228744507 6
1723900185953 0.869025468826294 7
1723900208706 0.8677839636802673 8
1723900229413 0.8791640996932983 9
1723900250917 0.8694392442703247 10
1723900272834 0.8806124329566956 11
1723900293333 0.8835092186927795 12
1723900315071 0.8764742612838745 13
1723900335368 0.8932340145111084 14
1723900355853 0.8847506642341614 15
1723900377714 0.8833022713661194 16
1723900397969 0.8818539381027222 17
1723900417253 0.8866128921508789 18
1723900440577 0.883095383644104 19
