1723900048476 5500238.0 0
1723900065494 5500249.0 1
1723900083583 5500256.0 2
1723900103842 5500276.0 3
1723900122498 5500271.0 4
1723900141547 5500282.0 5
1723900163070 5500297.0 6
1723900185953 5500306.0 7
1723900208706 5500305.0 8
1723900229413 5500315.0 9
1723900250917 5500297.0 10
1723900272834 5500324.0 11
1723900293333 5500333.0 12
1723900315071 5500326.0 13
1723900335368 5500352.0 14
1723900355853 5500338.0 15
1723900377714 5500356.0 16
1723900397969 5500343.0 17
1723900417253 5500342.0 18
1723900440577 5500352.0 19
