1726848976641 0.9990915060043335 0
1726848992601 0.9994239211082458 1
1726849008613 0.9995819330215454 2
1726849026609 0.9996494650840759 3
1726849047680 0.9996582269668579 4
1726849071124 0.9996981620788574 5
1726849087425 0.9997214674949646 6
1726849103154 0.9997326731681824 7
1726849119461 0.9997423887252808 8
1726849138027 0.9997366070747375 9
1726849155882 0.9997523427009583 10
1726849173092 0.9997393488883972 11
1726849187868 0.9997596144676208 12
1726849205281 0.9997726678848267 13
1726849224892 0.9997581243515015 14
1726849245343 0.9997529983520508 15
1726849264780 0.9997671842575073 16
1726849285648 0.9997705221176147 17
1726849301377 0.9997753500938416 18
1726849319885 0.9997753500938416 19
1726849338061 0.9997753500938416 20
1726849354836 0.9997884035110474 21
1726849372363 0.9997811317443848 22
1726849389380 0.9997702240943909 23
1726849406908 0.999782919883728 24
1726849425403 0.9997792840003967 25
1726849446639 0.9997820258140564 26
1726849467467 0.9997950792312622 27
1726849486865 0.9998062252998352 28
1726849505170 0.9997884035110474 29
1726849524684 0.9997929334640503 30
1726849541444 0.9998095631599426 31
1726849556370 0.9998123049736023 32
1726849572896 0.9998140931129456 33
1726849589477 0.9998204708099365 34
1726849607734 0.9998226165771484 35
1726849627587 0.9998201727867126 36
1726849647242 0.9998126029968262 37
1726849664652 0.9998268485069275 38
1726849682454 0.9998353123664856 39
1726849699206 0.9998262524604797 40
1726849716323 0.9998331665992737 41
1726849731344 0.9998301863670349 42
1726849747475 0.9998395442962646 43
1726849766372 0.9998350143432617 44
1726849786245 0.9998410940170288 45
1726849805071 0.9998395442962646 46
1726849822872 0.9998338222503662 47
1726849840738 0.9998489618301392 48
1726849862016 0.9998462200164795 49
1726849873697 0.9998353123664856 50
