1726848976641 0.8384231328964233 0
1726848992601 0.9477294087409973 1
1726849008613 0.9490224719047546 2
1726849026609 0.9612222909927368 3
1726849047680 0.9851449728012085 4
1726849071124 0.9867087006568909 5
1726849087425 0.988819420337677 6
1726849103154 0.9907622933387756 7
1726849119461 0.9890359044075012 8
1726849138027 0.989713728427887 9
1726849155882 0.9904103875160217 10
1726849173092 0.9898847341537476 11
1726849187868 0.991862952709198 12
1726849205281 0.9917169213294983 13
1726849224892 0.9913681745529175 14
1726849245343 0.990676999092102 15
1726849264780 0.9908547401428223 16
1726849285648 0.9910296201705933 17
1726849301377 0.9915502667427063 18
1726849319885 0.992059051990509 19
1726849338061 0.9920653700828552 20
1726849354836 0.9922454357147217 21
1726849372363 0.9932814836502075 22
1726849389380 0.991547167301178 23
1726849406908 0.9931079745292664 24
1726849425403 0.9932711124420166 25
1726849446639 0.9918978810310364 26
1726849467467 0.9927698969841003 27
1726849486865 0.9931211471557617 28
1726849505170 0.993274450302124 29
1726849524684 0.994150698184967 30
1726849541444 0.9938238859176636 31
1726849556370 0.9934805035591125 32
1726849572896 0.9946848154067993 33
1726849589477 0.9948585033416748 34
1726849607734 0.9940069317817688 35
1726849627587 0.9936537146568298 36
1726849647242 0.9945245385169983 37
1726849664652 0.9941812753677368 38
1726849682454 0.994865357875824 39
1726849699206 0.9940087795257568 40
1726849716323 0.9948650598526001 41
1726849731344 0.9943495392799377 42
1726849747475 0.9950451254844666 43
1726849766372 0.9946876764297485 44
1726849786245 0.9957370758056641 45
1726849805071 0.9950423836708069 46
1726849822872 0.9943549036979675 47
1726849840738 0.9948735237121582 48
1726849862016 0.9952268600463867 49
1726849873697 0.994865357875824 50
