1726848976641 0.00430028373375535 0
1726848992601 0.0021283619571477175 1
1726849008613 0.0015556149883195758 2
1726849026609 0.001340491115115583 3
1726849047680 0.0012694384204223752 4
1726849071124 0.0011560838902369142 5
1726849087425 0.0010624505812302232 6
1726849103154 0.0009811947820708156 7
1726849119461 0.0009695000480860472 8
1726849138027 0.0009724951232783496 9
1726849155882 0.0009460712317377329 10
1726849173092 0.0009468964417465031 11
1726849187868 0.0008740646881051362 12
1726849205281 0.0008555450476706028 13
1726849224892 0.000867690599989146 14
1726849245343 0.0008703527855686843 15
1726849264780 0.0008261601906269789 16
1726849285648 0.0008402460371144116 17
1726849301377 0.000816051266156137 18
1726849319885 0.0008142463047988713 19
1726849338061 0.000816703715827316 20
1726849354836 0.0007781310123391449 21
1726849372363 0.0007791987154632807 22
1726849389380 0.0008138880366459489 23
1726849406908 0.0007824140484444797 24
1726849425403 0.0007997326902113855 25
1726849446639 0.0008105950546450913 26
1726849467467 0.0007574305636808276 27
1726849486865 0.0007267094915732741 28
1726849505170 0.0007787905051372945 29
1726849524684 0.000749338825698942 30
1726849541444 0.0007061780197545886 31
1726849556370 0.0007091897423379123 32
1726849572896 0.0006756925722584128 33
1726849589477 0.0006646238034591079 34
1726849607734 0.0006488888757303357 35
1726849627587 0.0006765525322407484 36
1726849647242 0.000656546966638416 37
1726849664652 0.0006536917062476277 38
1726849682454 0.0006351590272970498 39
1726849699206 0.0006345778820104897 40
1726849716323 0.0006319489912129939 41
1726849731344 0.0006250414298847318 42
1726849747475 0.0006089020171202719 43
1726849766372 0.0006326399161480367 44
1726849786245 0.0005912326741963625 45
1726849805071 0.0006090482347644866 46
1726849822872 0.0006193950539454818 47
1726849840738 0.0005865020211786032 48
1726849862016 0.0005809632129967213 49
1726849873697 0.0006351590272970498 50
