1726848976641 0.0008288848912343383 0
1726848992601 0.0004776956920977682 1
1726849008613 0.0003315454232506454 2
1726849026609 0.0002816045889630914 3
1726849047680 0.00026657601119950414 4
1726849071124 0.00023852895537856966 5
1726849087425 0.00022273171634878963 6
1726849103154 0.00020824334933422506 7
1726849119461 0.00020271801622584462 8
1726849138027 0.00020341896743047982 9
1726849155882 0.000197177505469881 10
1726849173092 0.00020217758719809353 11
1726849187868 0.00018857451505027711 12
1726849205281 0.00018204005027655512 13
1726849224892 0.00018829642795026302 14
1726849245343 0.0001895216992124915 15
1726849264780 0.00018014732631854713 16
1726849285648 0.00018000925774686038 17
1726849301377 0.0001757479622028768 18
1726849319885 0.00017272467084694654 19
1726849338061 0.000173041524249129 20
1726849354836 0.0001660276611801237 21
1726849372363 0.00016867787053342909 22
1726849389380 0.00017773725267034024 23
1726849406908 0.00016686190792825073 24
1726849425403 0.0001749278453644365 25
1726849446639 0.00017080343968700618 26
1726849467467 0.00016244969447143376 27
1726849486865 0.0001551589521113783 28
1726849505170 0.00016709610645193607 29
1726849524684 0.0001621387928025797 30
1726849541444 0.00015069237269926816 31
1726849556370 0.00015342813276220113 32
1726849572896 0.0001456561149097979 33
1726849589477 0.00014424625260289758 34
1726849607734 0.00014168435882311314 35
1726849627587 0.0001436510356143117 36
1726849647242 0.00014531156921293586 37
1726849664652 0.00013943099475000054 38
1726849682454 0.00013376543938647956 39
1726849699206 0.0001377475418848917 40
1726849716323 0.00013292209769133478 41
1726849731344 0.00013504890375770628 42
1726849747475 0.00013017751916777343 43
1726849766372 0.00013132707681506872 44
1726849786245 0.00012786393926944584 45
1726849805071 0.0001295769034186378 46
1726849822872 0.00013290481001604348 47
1726849840738 0.0001225875603267923 48
1726849862016 0.00012443338346201926 49
1726849873697 0.00013376543938647956 50
