1726848976641 2722.0 0
1726848992601 1495.0 1
1726849008613 1064.0 2
1726849026609 881.0 3
1726849047680 872.0 4
1726849071124 770.0 5
1726849087425 685.0 6
1726849103154 650.0 7
1726849119461 630.0 8
1726849138027 645.0 9
1726849155882 605.0 10
1726849173092 641.0 11
1726849187868 587.0 12
1726849205281 560.0 13
1726849224892 588.0 14
1726849245343 607.0 15
1726849264780 576.0 16
1726849285648 568.0 17
1726849301377 547.0 18
1726849319885 552.0 19
1726849338061 554.0 20
1726849354836 525.0 21
1726849372363 541.0 22
1726849389380 570.0 23
1726849406908 539.0 24
1726849425403 547.0 25
1726849446639 532.0 26
1726849467467 503.0 27
1726849486865 467.0 28
1726849505170 519.0 29
1726849524684 504.0 30
1726849541444 462.0 31
1726849556370 445.0 32
1726849572896 446.0 33
1726849589477 422.0 34
1726849607734 427.0 35
1726849627587 436.0 36
1726849647242 456.0 37
1726849664652 420.0 38
1726849682454 396.0 39
1726849699206 416.0 40
1726849716323 407.0 41
1726849731344 413.0 42
1726849747475 393.0 43
1726849766372 407.0 44
1726849786245 387.0 45
1726849805071 390.0 46
1726849822872 410.0 47
1726849840738 368.0 48
1726849862016 375.0 49
1726849873697 396.0 50
