1726848976641 279.0 0
1726848992601 408.0 1
1726849008613 317.0 2
1726849026609 277.0 3
1726849047680 257.0 4
1726849071124 227.0 5
1726849087425 235.0 6
1726849103154 233.0 7
1726849119461 221.0 8
1726849138027 225.0 9
1726849155882 213.0 10
1726849173092 220.0 11
1726849187868 207.0 12
1726849205281 191.0 13
1726849224892 211.0 14
1726849245343 209.0 15
1726849264780 193.0 16
1726849285648 190.0 17
1726849301377 195.0 18
1726849319885 190.0 19
1726849338061 188.0 20
1726849354836 174.0 21
1726849372363 182.0 22
1726849389380 189.0 23
1726849406908 178.0 24
1726849425403 182.0 25
1726849446639 188.0 26
1726849467467 174.0 27
1726849486865 173.0 28
1726849505170 180.0 29
1726849524684 180.0 30
1726849541444 167.0 31
1726849556370 175.0 32
1726849572896 168.0 33
1726849589477 171.0 34
1726849607734 159.0 35
1726849627587 158.0 36
1726849647242 163.0 37
1726849664652 152.0 38
1726849682454 148.0 39
1726849699206 158.0 40
1726849716323 144.0 41
1726849731344 148.0 42
1726849747475 137.0 43
1726849766372 138.0 44
1726849786245 138.0 45
1726849805071 140.0 46
1726849822872 139.0 47
1726849840738 131.0 48
1726849862016 133.0 49
1726849873697 148.0 50
