1726848976641 0.1311441957950592 0
1726848992601 0.6575918197631836 1
1726849008613 0.7871769666671753 2
1726849026609 0.8233462572097778 3
1726849047680 0.8362549543380737 4
1726849071124 0.8508216738700867 5
1726849087425 0.867511510848999 6
1726849103154 0.8816514015197754 7
1726849119461 0.8809928894042969 8
1726849138027 0.883460283279419 9
1726849155882 0.881260097026825 10
1726849173092 0.8871258497238159 11
1726849187868 0.8961035013198853 12
1726849205281 0.8959794640541077 13
1726849224892 0.8904798030853271 14
1726849245343 0.8931785821914673 15
1726849264780 0.8995574712753296 16
1726849285648 0.895727813243866 17
1726849301377 0.9003000259399414 18
1726849319885 0.9001508355140686 19
1726849338061 0.9006047248840332 20
1726849354836 0.9065900444984436 21
1726849372363 0.9088843464851379 22
1726849389380 0.9002664685249329 23
1726849406908 0.9043145179748535 24
1726849425403 0.9039989709854126 25
1726849446639 0.9019299149513245 26
1726849467467 0.911992073059082 27
1726849486865 0.9129189848899841 28
1726849505170 0.906240701675415 29
1726849524684 0.9123719930648804 30
1726849541444 0.9187965393066406 31
1726849556370 0.9209462404251099 32
1726849572896 0.9246293902397156 33
1726849589477 0.9274080991744995 34
1726849607734 0.9310649037361145 35
1726849627587 0.9268543124198914 36
1726849647242 0.9304313063621521 37
1726849664652 0.9303251504898071 38
1726849682454 0.9290215969085693 39
1726849699206 0.9327520132064819 40
1726849716323 0.9326465129852295 41
1726849731344 0.9339628219604492 42
1726849747475 0.9335088729858398 43
1726849766372 0.9310486912727356 44
1726849786245 0.937652051448822 45
1726849805071 0.9354696869850159 46
1726849822872 0.9348800182342529 47
1726849840738 0.9389796853065491 48
1726849862016 0.9408183693885803 49
1726849873697 0.9290215969085693 50
