1726848976641 0.3881579041481018 0
1726848992601 0.7748344540596008 1
1726849008613 0.8526951670646667 2
1726849026609 0.8793028593063354 3
1726849047680 0.8874781131744385 4
1726849071124 0.9036502838134766 5
1726849087425 0.9040424823760986 6
1726849103154 0.9061241149902344 7
1726849119461 0.9112449884414673 8
1726849138027 0.9092376232147217 9
1726849155882 0.9150378704071045 10
1726849173092 0.9112187027931213 11
1726849187868 0.9178245067596436 12
1726849205281 0.9245059490203857 13
1726849224892 0.9163362383842468 14
1726849245343 0.9164334535598755 15
1726849264780 0.9232909083366394 16
1726849285648 0.9246330857276917 17
1726849301377 0.9234393239021301 18
1726849319885 0.9251083731651306 19
1726849338061 0.9257797002792358 20
1726849354836 0.9317111372947693 21
1726849372363 0.9283464550971985 22
1726849389380 0.9249404072761536 23
1726849406908 0.9298660159111023 24
1726849425403 0.9281768202781677 25
1726849446639 0.9264187812805176 26
1726849467467 0.9322957396507263 27
1726849486865 0.9335892796516418 28
1726849505170 0.9296875 29
1726849524684 0.9300971031188965 30
1726849541444 0.9358679056167603 31
1726849556370 0.933434784412384 32
1726849572896 0.9359023571014404 33
1726849589477 0.935422956943512 34
1726849607734 0.9395667314529419 35
1726849627587 0.9397176504135132 36
1726849647242 0.9374520182609558 37
1726849664652 0.942227303981781 38
1726849682454 0.9441720247268677 39
1726849699206 0.9401741623878479 40
1726849716323 0.9453717470169067 41
1726849731344 0.9438117146492004 42
1726849747475 0.9481649398803711 43
1726849766372 0.9475285410881042 44
1726849786245 0.9479245543479919 45
1726849805071 0.9471498727798462 46
1726849822872 0.9471080899238586 47
1726849840738 0.9507888555526733 48
1726849862016 0.9499435424804688 49
1726849873697 0.9441720247268677 50
