1726848976641 0.061055537313222885 0
1726848992601 0.48430493474006653 1
1726849008613 0.6329768896102905 2
1726849026609 0.6961020827293396 3
1726849047680 0.6992066502571106 4
1726849071124 0.7343911528587341 5
1726849087425 0.7637116312980652 6
1726849103154 0.7757847309112549 7
1726849119461 0.7826836705207825 8
1726849138027 0.7775095105171204 9
1726849155882 0.7913073301315308 10
1726849173092 0.7788892984390259 11
1726849187868 0.797516405582428 12
1726849205281 0.8068299293518066 13
1726849224892 0.797171413898468 14
1726849245343 0.7906174659729004 15
1726849264780 0.8013107776641846 16
1726849285648 0.8040703535079956 17
1726849301377 0.8113142251968384 18
1726849319885 0.8095895051956177 19
1726849338061 0.8088996410369873 20
1726849354836 0.8189030885696411 21
1726849372363 0.813383936882019 22
1726849389380 0.8033804893493652 23
1726849406908 0.8140738010406494 24
1726849425403 0.8113142251968384 25
1726849446639 0.8164884448051453 26
1726849467467 0.8264918923377991 27
1726849486865 0.8389099836349487 28
1726849505170 0.820972740650177 29
1726849524684 0.8261469602584839 30
1726849541444 0.8406347036361694 31
1726849556370 0.8464987874031067 32
1726849572896 0.8461538553237915 33
1726849589477 0.8544325828552246 34
1726849607734 0.8527078032493591 35
1726849627587 0.8496032953262329 36
1726849647242 0.8427043557167053 37
1726849664652 0.855122447013855 38
1726849682454 0.8634011745452881 39
1726849699206 0.8565022349357605 40
1726849716323 0.8596067428588867 41
1726849731344 0.8575370907783508 42
1726849747475 0.8644360303878784 43
1726849766372 0.8596067428588867 44
1726849786245 0.8665056824684143 45
1726849805071 0.865470826625824 46
1726849822872 0.8585719466209412 47
1726849840738 0.8730596899986267 48
1726849862016 0.8706450462341309 49
1726849873697 0.8634011745452881 50
