1726848976641 3300069.0 0
1726848992601 3299940.0 1
1726849008613 3300031.0 2
1726849026609 3300071.0 3
1726849047680 3300091.0 4
1726849071124 3300121.0 5
1726849087425 3300113.0 6
1726849103154 3300115.0 7
1726849119461 3300127.0 8
1726849138027 3300123.0 9
1726849155882 3300135.0 10
1726849173092 3300128.0 11
1726849187868 3300141.0 12
1726849205281 3300157.0 13
1726849224892 3300137.0 14
1726849245343 3300139.0 15
1726849264780 3300155.0 16
1726849285648 3300158.0 17
1726849301377 3300153.0 18
1726849319885 3300158.0 19
1726849338061 3300160.0 20
1726849354836 3300174.0 21
1726849372363 3300166.0 22
1726849389380 3300159.0 23
1726849406908 3300170.0 24
1726849425403 3300166.0 25
1726849446639 3300160.0 26
1726849467467 3300174.0 27
1726849486865 3300175.0 28
1726849505170 3300168.0 29
1726849524684 3300168.0 30
1726849541444 3300181.0 31
1726849556370 3300173.0 32
1726849572896 3300180.0 33
1726849589477 3300177.0 34
1726849607734 3300189.0 35
1726849627587 3300190.0 36
1726849647242 3300185.0 37
1726849664652 3300196.0 38
1726849682454 3300200.0 39
1726849699206 3300190.0 40
1726849716323 3300204.0 41
1726849731344 3300200.0 42
1726849747475 3300211.0 43
1726849766372 3300210.0 44
1726849786245 3300210.0 45
1726849805071 3300208.0 46
1726849822872 3300209.0 47
1726849840738 3300217.0 48
1726849862016 3300215.0 49
1726849873697 3300200.0 50
