1726848976641 177.0 0
1726848992601 1404.0 1
1726849008613 1835.0 2
1726849026609 2018.0 3
1726849047680 2027.0 4
1726849071124 2129.0 5
1726849087425 2214.0 6
1726849103154 2249.0 7
1726849119461 2269.0 8
1726849138027 2254.0 9
1726849155882 2294.0 10
1726849173092 2258.0 11
1726849187868 2312.0 12
1726849205281 2339.0 13
1726849224892 2311.0 14
1726849245343 2292.0 15
1726849264780 2323.0 16
1726849285648 2331.0 17
1726849301377 2352.0 18
1726849319885 2347.0 19
1726849338061 2345.0 20
1726849354836 2374.0 21
1726849372363 2358.0 22
1726849389380 2329.0 23
1726849406908 2360.0 24
1726849425403 2352.0 25
1726849446639 2367.0 26
1726849467467 2396.0 27
1726849486865 2432.0 28
1726849505170 2380.0 29
1726849524684 2395.0 30
1726849541444 2437.0 31
1726849556370 2454.0 32
1726849572896 2453.0 33
1726849589477 2477.0 34
1726849607734 2472.0 35
1726849627587 2463.0 36
1726849647242 2443.0 37
1726849664652 2479.0 38
1726849682454 2503.0 39
1726849699206 2483.0 40
1726849716323 2492.0 41
1726849731344 2486.0 42
1726849747475 2506.0 43
1726849766372 2492.0 44
1726849786245 2512.0 45
1726849805071 2509.0 46
1726849822872 2489.0 47
1726849840738 2531.0 48
1726849862016 2524.0 49
1726849873697 2503.0 50
