1717183575649 0.9991196393966675 0
1717183584344 0.9991069436073303 1
1717183593156 0.999094545841217 2
1717183601922 0.9990960359573364 3
1717183610576 0.9990954399108887 4
1717183619228 0.9991075396537781 5
1717183627861 0.9991366267204285 6
1717183636362 0.9991251230239868 7
1717183644774 0.9991375207901001 8
1717183653379 0.9991599321365356 9
1717183661798 0.9991559982299805 10
1717183670671 0.9991804957389832 11
1717183678790 0.9992014169692993 12
1717183687437 0.9991956353187561 13
1717183696019 0.9992343783378601 14
1717183704216 0.9992122650146484 15
1717183714045 0.9992395639419556 16
1717183722890 0.9992262125015259 17
1717183731376 0.9992625713348389 18
1717183739873 0.9992552995681763 19
1717183748327 0.9992825388908386 20
1717183756774 0.9992803931236267 21
1717183765238 0.9992849230766296 22
1717183773746 0.9993067383766174 23
