1717183575649 0.6357848644256592 0
1717183584344 0.8354433178901672 1
1717183593156 0.90884929895401 2
1717183601922 0.9420685172080994 3
1717183610576 0.9471652507781982 4
1717183619228 0.9751977324485779 5
1717183627861 0.9773036241531372 6
1717183636362 0.9783457517623901 7
1717183644774 0.9795587658882141 8
1717183653379 0.9804057478904724 9
1717183661798 0.9808878302574158 10
1717183670671 0.9808498024940491 11
1717183678790 0.98035728931427 12
1717183687437 0.9807692170143127 13
1717183696019 0.9808005094528198 14
1717183704216 0.9811818599700928 15
1717183714045 0.9807536602020264 16
1717183722890 0.981086015701294 17
1717183731376 0.9809604287147522 18
1717183739873 0.981683075428009 19
1717183748327 0.9811842441558838 20
1717183756774 0.9808695912361145 21
1717183765238 0.982081413269043 22
1717183773746 0.9822995066642761 23
