1717183575649 0.0008737904718145728 0
1717183584344 0.0008596660336479545 1
1717183593156 0.0008392922463826835 2
1717183601922 0.0007978303474374115 3
1717183610576 0.0007737417472526431 4
1717183619228 0.0007433823775500059 5
1717183627861 0.0007068908889777958 6
1717183636362 0.0006819742848165333 7
1717183644774 0.0006685490952804685 8
1717183653379 0.000646770466119051 9
1717183661798 0.0006343323038890958 10
1717183670671 0.0006109808455221355 11
1717183678790 0.0005970455822534859 12
1717183687437 0.0005973003571853042 13
1717183696019 0.00057267613010481 14
1717183704216 0.0005748869734816253 15
1717183714045 0.0005525801097974181 16
1717183722890 0.0005646737990900874 17
1717183731376 0.0005401122034527361 18
1717183739873 0.0005425055278465152 19
1717183748327 0.0005218093283474445 20
1717183756774 0.0005245601059868932 21
1717183765238 0.0005238677840679884 22
1717183773746 0.000505375093780458 23
