1717183575649 2899.0 0
1717183584344 2890.0 1
1717183593156 2857.0 2
1717183601922 2777.0 3
1717183610576 2717.0 4
1717183619228 2641.0 5
1717183627861 2522.0 6
1717183636362 2511.0 7
1717183644774 2482.0 8
1717183653379 2387.0 9
1717183661798 2383.0 10
1717183670671 2303.0 11
1717183678790 2253.0 12
1717183687437 2264.0 13
1717183696019 2165.0 14
1717183704216 2184.0 15
1717183714045 2110.0 16
1717183722890 2155.0 17
1717183731376 2042.0 18
1717183739873 2039.0 19
1717183748327 1968.0 20
1717183756774 1960.0 21
1717183765238 1948.0 22
1717183773746 1860.0 23
