1717183575649 9.0 0
1717183584344 60.0 1
1717183593156 134.0 2
1717183601922 209.0 3
1717183610576 271.0 4
1717183619228 307.0 5
1717183627861 330.0 6
1717183636362 379.0 7
1717183644774 367.0 8
1717183653379 388.0 9
1717183661798 405.0 10
1717183670671 404.0 11
1717183678790 385.0 12
1717183687437 393.0 13
1717183696019 364.0 14
1717183704216 418.0 15
1717183714045 402.0 16
1717183722890 401.0 17
1717183731376 394.0 18
1717183739873 421.0 19
1717183748327 402.0 20
1717183756774 417.0 21
1717183765238 414.0 22
1717183773746 430.0 23
