1717183575649 0.006121288985013962 0
1717183584344 0.004745406564325094 1
1717183593156 0.004155529197305441 2
1717183601922 0.003679541638121009 3
1717183610576 0.0034097570460289717 4
1717183619228 0.003181512700393796 5
1717183627861 0.0030044803861528635 6
1717183636362 0.00283812009729445 7
1717183644774 0.0027963011525571346 8
1717183653379 0.002681425539776683 9
1717183661798 0.0026144147850573063 10
1717183670671 0.0025155090261250734 11
1717183678790 0.00248933513648808 12
1717183687437 0.0024740714579820633 13
1717183696019 0.0023801091592758894 14
1717183704216 0.0023915336932986975 15
1717183714045 0.0023174358066171408 16
1717183722890 0.0023286892101168633 17
1717183731376 0.0022682540584355593 18
1717183739873 0.0022548052947968245 19
1717183748327 0.0022313860245049 20
1717183756774 0.0021995804272592068 21
1717183765238 0.002227158984169364 22
1717183773746 0.002147207735106349 23
