1717183575649 0.010390756651759148 0
1717183584344 0.04938777908682823 1
1717183593156 0.09705673903226852 2
1717183601922 0.1706026792526245 3
1717183610576 0.21732547879219055 4
1717183619228 0.2719232738018036 5
1717183627861 0.32582223415374756 6
1717183636362 0.3639886677265167 7
1717183644774 0.39043906331062317 8
1717183653379 0.4168173670768738 9
1717183661798 0.43228280544281006 10
1717183670671 0.4635152816772461 11
1717183678790 0.48510071635246277 12
1717183687437 0.4848218858242035 13
1717183696019 0.51778644323349 14
1717183704216 0.5085927844047546 15
1717183714045 0.5433844923973083 16
1717183722890 0.5253964066505432 17
1717183731376 0.556421160697937 18
1717183739873 0.548955500125885 19
1717183748327 0.5747708082199097 20
1717183756774 0.5727907419204712 21
1717183765238 0.5733222365379333 22
1717183773746 0.5991294980049133 23
