1717183575649 0.0 0
1717183584344 0.1304347813129425 1
1717183593156 0.23863635957241058 2
1717183601922 0.36858007311820984 3
1717183610576 0.40176600217819214 4
1717183619228 0.4566371738910675 5
1717183627861 0.5332390666007996 6
1717183636362 0.5058670043945312 7
1717183644774 0.5318877696990967 8
1717183653379 0.5688889026641846 9
1717183661798 0.5602605938911438 10
1717183670671 0.5960000157356262 11
1717183678790 0.6265761256217957 12
1717183687437 0.6177042722702026 13
1717183696019 0.6684881448745728 14
1717183704216 0.6310679316520691 15
1717183714045 0.6624684929847717 16
1717183722890 0.6497816443443298 17
1717183731376 0.6850519776344299 18
1717183739873 0.6713504791259766 19
1717183748327 0.6984245777130127 20
1717183756774 0.6924778819084167 21
1717183765238 0.696703314781189 22
1717183773746 0.7072838544845581 23
