1717183575649 0.0 0
1717183584344 0.0031045188661664724 1
1717183593156 0.014487754553556442 2
1717183601922 0.04208347573876381 3
1717183610576 0.06278026849031448 4
1717183619228 0.08899620920419693 5
1717183627861 0.1300448477268219 6
1717183636362 0.13383924961090088 7
1717183644774 0.1438426971435547 8
1717183653379 0.17661263048648834 9
1717183661798 0.17799241840839386 10
1717183670671 0.20558813214302063 11
1717183678790 0.2228354662656784 12
1717183687437 0.21904104948043823 13
1717183696019 0.2531907558441162 14
1717183704216 0.2466367781162262 15
1717183714045 0.2721628248691559 16
1717183722890 0.25664022564888 17
1717183731376 0.2956191897392273 18
1717183739873 0.29665401577949524 19
1717183748327 0.321145236492157 20
1717183756774 0.32390478253364563 21
1717183765238 0.3280441462993622 22
1717183773746 0.3583994507789612 23
