1717183575649 3300339.0 0
1717183584344 3300288.0 1
1717183593156 3300214.0 2
1717183601922 3300139.0 3
1717183610576 3300077.0 4
1717183619228 3300041.0 5
1717183627861 3300018.0 6
1717183636362 3299969.0 7
1717183644774 3299981.0 8
1717183653379 3299960.0 9
1717183661798 3299943.0 10
1717183670671 3299944.0 11
1717183678790 3299963.0 12
1717183687437 3299955.0 13
1717183696019 3299984.0 14
1717183704216 3299930.0 15
1717183714045 3299946.0 16
1717183722890 3299947.0 17
1717183731376 3299954.0 18
1717183739873 3299927.0 19
1717183748327 3299946.0 20
1717183756774 3299931.0 21
1717183765238 3299934.0 22
1717183773746 3299918.0 23
