1717183575649 0.0 0
1717183584344 9.0 1
1717183593156 42.0 2
1717183601922 122.0 3
1717183610576 182.0 4
1717183619228 258.0 5
1717183627861 377.0 6
1717183636362 388.0 7
1717183644774 417.0 8
1717183653379 512.0 9
1717183661798 516.0 10
1717183670671 596.0 11
1717183678790 646.0 12
1717183687437 635.0 13
1717183696019 734.0 14
1717183704216 715.0 15
1717183714045 789.0 16
1717183722890 744.0 17
1717183731376 857.0 18
1717183739873 860.0 19
1717183748327 931.0 20
1717183756774 939.0 21
1717183765238 951.0 22
1717183773746 1039.0 23
