1727023552848 0.9992138147354126 0
1727023571424 0.9996681809425354 1
1727023592060 0.999754786491394 2
1727023616217 0.9997760057449341 3
1727023641152 0.9997904896736145 4
1727023660639 0.9997996091842651 5
1727023676417 0.9998126029968262 6
1727023692032 0.9998117089271545 7
1727023707660 0.9998283386230469 8
1727023722671 0.9998229146003723 9
1727023738581 0.9998301863670349 10
1727023755385 0.9998398423194885 11
1727023774338 0.9998471140861511 12
1727023792428 0.999853789806366 13
1727023811174 0.999851644039154 14
1727023828764 0.9998549818992615 15
1727023849020 0.9998577237129211 16
1727023866054 0.9998555779457092 17
1727023881220 0.9998616576194763 18
1727023896831 0.9998704195022583 19
1727023912408 0.9998664855957031 20
1727023929440 0.9998701214790344 21
1727023946864 0.9998798370361328 22
1727023963508 0.9998740553855896 23
1727023980938 0.9998840689659119 24
1727023999645 0.9998828172683716 25
1727024019354 0.9998791813850403 26
1727024035955 0.9998855590820312 27
1727024053587 0.9998788833618164 28
1727024069536 0.9998891949653625 29
1727024084813 0.9998883008956909 30
1727024100323 0.9998958706855774 31
1727024116951 0.999888002872467 32
1727024135471 0.9998867511749268 33
1727024153638 0.9998998045921326 34
1727024171704 0.9998961687088013 35
1727024189994 0.9998973608016968 36
1727024209717 0.9998931288719177 37
1727024230201 0.99989253282547 38
1727024241899 0.9998788833618164 39
