1727023552848 0.906724750995636 0
1727023571424 0.9800621271133423 1
1727023592060 0.9804542660713196 2
1727023616217 0.9801169633865356 3
1727023641152 0.9813302159309387 4
1727023660639 0.9802969694137573 5
1727023676417 0.980993390083313 6
1727023692032 0.9816799163818359 7
1727023707660 0.9880310297012329 8
1727023722671 0.9897541999816895 9
1727023738581 0.9911239147186279 10
1727023755385 0.9919891357421875 11
1727023774338 0.9928544759750366 12
1727023792428 0.9926823377609253 13
1727023811174 0.9931911826133728 14
1727023828764 0.9938979744911194 15
1727023849020 0.9938970804214478 16
1727023866054 0.9930362701416016 17
1727023881220 0.9938981533050537 18
1727023896831 0.993553876876831 19
1727023912408 0.9942456483840942 20
1727023929440 0.9940793514251709 21
1727023946864 0.9940800070762634 22
1727023963508 0.9942523837089539 23
1727023980938 0.9932251572608948 24
1727023999645 0.9939093589782715 25
1727024019354 0.9940857887268066 26
1727024035955 0.9944305419921875 27
1727024053587 0.9940850138664246 28
1727024069536 0.994266152381897 29
1727024084813 0.994783341884613 30
1727024100323 0.9946080446243286 31
1727024116951 0.9946075677871704 32
1727024135471 0.9951278567314148 33
1727024153638 0.9956479668617249 34
1727024171704 0.9956486821174622 35
1727024189994 0.9958229064941406 36
1727024209717 0.9956528544425964 37
1727024230201 0.9953063130378723 38
1727024241899 0.9940850138664246 39
