1727023552848 0.0006731622852385044 0
1727023571424 0.000250807759584859 1
1727023592060 0.00019288442854303867 2
1727023616217 0.00018094058032147586 3
1727023641152 0.0001693578960839659 4
1727023660639 0.0001637973473407328 5
1727023676417 0.00014923296112101525 6
1727023692032 0.00015004363376647234 7
1727023707660 0.0001394535938743502 8
1727023722671 0.00014072695921640843 9
1727023738581 0.0001367402437608689 10
1727023755385 0.00012967822840437293 11
1727023774338 0.00012357639207039028 12
1727023792428 0.00012002015864709392 13
1727023811174 0.00012105030327802524 14
1727023828764 0.00011962009739363566 15
1727023849020 0.00011533279757713899 16
1727023866054 0.00011543315486051142 17
1727023881220 0.00011270150571363047 18
1727023896831 0.00010917295003309846 19
1727023912408 0.00010927489347523078 20
1727023929440 0.00010806346108438447 21
1727023946864 0.00010252092033624649 22
1727023963508 0.00010378199658589438 23
1727023980938 9.931912791216746e-05 24
1727023999645 9.858010162133723e-05 25
1727024019354 9.941239841282368e-05 26
1727024035955 9.678098285803571e-05 27
1727024053587 0.00010166114952880889 28
1727024069536 9.229335410054773e-05 29
1727024084813 9.332675108453259e-05 30
1727024100323 8.992923540063202e-05 31
1727024116951 9.52095870161429e-05 32
1727024135471 9.207270340994e-05 33
1727024153638 8.780270582064986e-05 34
1727024171704 8.869558951118961e-05 35
1727024189994 8.784995588939637e-05 36
1727024209717 8.757118484936655e-05 37
1727024230201 8.938380778999999e-05 38
1727024241899 0.00010166114952880889 39
