1727023552848 2271.0 0
1727023571424 751.0 1
1727023592060 518.0 2
1727023616217 472.0 3
1727023641152 436.0 4
1727023660639 409.0 5
1727023676417 379.0 6
1727023692032 373.0 7
1727023707660 340.0 8
1727023722671 352.0 9
1727023738581 339.0 10
1727023755385 321.0 11
1727023774338 303.0 12
1727023792428 281.0 13
1727023811174 293.0 14
1727023828764 286.0 15
1727023849020 277.0 16
1727023866054 285.0 17
1727023881220 274.0 18
1727023896831 255.0 19
1727023912408 260.0 20
1727023929440 258.0 21
1727023946864 232.0 22
1727023963508 249.0 23
1727023980938 229.0 24
1727023999645 219.0 25
1727024019354 242.0 26
1727024035955 223.0 27
1727024053587 246.0 28
1727024069536 226.0 29
1727024084813 228.0 30
1727024100323 201.0 31
1727024116951 218.0 32
1727024135471 227.0 33
1727024153638 199.0 34
1727024171704 208.0 35
1727024189994 215.0 36
1727024209717 225.0 37
1727024230201 222.0 38
1727024241899 246.0 39
