1727023552848 326.0 0
1727023571424 345.0 1
1727023592060 292.0 2
1727023616217 268.0 3
1727023641152 256.0 4
1727023660639 253.0 5
1727023676417 240.0 6
1727023692032 249.0 7
1727023707660 227.0 8
1727023722671 233.0 9
1727023738581 222.0 10
1727023755385 208.0 11
1727023774338 202.0 12
1727023792428 202.0 13
1727023811174 197.0 14
1727023828764 193.0 15
1727023849020 193.0 16
1727023866054 192.0 17
1727023881220 183.0 18
1727023896831 173.0 19
1727023912408 181.0 20
1727023929440 171.0 21
1727023946864 165.0 22
1727023963508 167.0 23
1727023980938 154.0 24
1727023999645 168.0 25
1727024019354 157.0 26
1727024035955 155.0 27
1727024053587 154.0 28
1727024069536 140.0 29
1727024084813 141.0 30
1727024100323 143.0 31
1727024116951 152.0 32
1727024135471 147.0 33
1727024153638 132.0 34
1727024171704 135.0 35
1727024189994 124.0 36
1727024209717 128.0 37
1727024230201 133.0 38
1727024241899 154.0 39
