1727023552848 0.0032375208102166653 0
1727023571424 0.0011217017890885472 1
1727023592060 0.0009096325375139713 2
1727023616217 0.0008565571042709053 3
1727023641152 0.0007759778527542949 4
1727023660639 0.0007616991642862558 5
1727023676417 0.0006764523568563163 6
1727023692032 0.0006693698815070093 7
1727023707660 0.0006341681000776589 8
1727023722671 0.0006182772340252995 9
1727023738581 0.0006150216213427484 10
1727023755385 0.0005771373398602009 11
1727023774338 0.0005536324460990727 12
1727023792428 0.000537716958206147 13
1727023811174 0.0005456754588522017 14
1727023828764 0.0005304241203702986 15
1727023849020 0.0005131250363774598 16
1727023866054 0.0005162029410712421 17
1727023881220 0.0005104184965603054 18
1727023896831 0.0005031123873777688 19
1727023912408 0.0004966218257322907 20
1727023929440 0.0004823067574761808 21
1727023946864 0.0004780003218911588 22
1727023963508 0.00047456801985390484 23
1727023980938 0.0004494565073400736 24
1727023999645 0.0004473988083191216 25
1727024019354 0.00045256191515363753 26
1727024035955 0.0004438329197000712 27
1727024053587 0.0004625049768947065 28
1727024069536 0.00041985674761235714 29
1727024084813 0.0004219266993459314 30
1727024100323 0.00041635986417531967 31
1727024116951 0.0004301169828977436 32
1727024135471 0.0004299058928154409 33
1727024153638 0.0003977584419772029 34
1727024171704 0.0004012136778328568 35
1727024189994 0.0003928986261598766 36
1727024209717 0.00039518074481748044 37
1727024230201 0.0003963292692787945 38
1727024241899 0.0004625049768947065 39
