1727023552848 0.36893579363822937 0
1727023571424 0.8469944000244141 1
1727023592060 0.8767603039741516 2
1727023616217 0.8838425874710083 3
1727023641152 0.8952071666717529 4
1727023660639 0.8923522233963013 5
1727023676417 0.9082050323486328 6
1727023692032 0.9065901041030884 7
1727023707660 0.9146369695663452 8
1727023722671 0.9212618470191956 9
1727023738581 0.9197827577590942 10
1727023755385 0.9287965297698975 11
1727023774338 0.9345318078994751 12
1727023792428 0.9356129765510559 13
1727023811174 0.9321693181991577 14
1727023828764 0.938979983329773 15
1727023849020 0.9409153461456299 16
1727023866054 0.9398800134658813 17
1727023881220 0.9413347244262695 18
1727023896831 0.9425317049026489 19
1727023912408 0.9460372924804688 20
1727023929440 0.947661280632019 21
1727023946864 0.946953296661377 22
1727023963508 0.9506248235702515 23
1727023980938 0.9548232555389404 24
1727023999645 0.9536215662956238 25
1727024019354 0.9529531002044678 26
1727024035955 0.955459475517273 27
1727024053587 0.952549934387207 28
1727024069536 0.9573372602462769 29
1727024084813 0.9591567516326904 30
1727024100323 0.9577900171279907 31
1727024116951 0.9585437774658203 32
1727024135471 0.9590891599655151 33
1727024153638 0.9612795114517212 34
1727024171704 0.9615020751953125 35
1727024189994 0.9656041860580444 36
1727024209717 0.9610593914985657 37
1727024230201 0.9643414616584778 38
1727024241899 0.952549934387207 39
