1727023552848 0.6582809090614319 0
1727023571424 0.8616124987602234 1
1727023592060 0.8907594680786133 2
1727023616217 0.9005565643310547 3
1727023641152 0.9058477282524109 4
1727023660639 0.9077652096748352 5
1727023676417 0.9130434989929199 6
1727023692032 0.9102702736854553 7
1727023707660 0.9185211658477783 8
1727023722671 0.916187047958374 9
1727023738581 0.920201301574707 10
1727023755385 0.925341010093689 11
1727023774338 0.9278056025505066 12
1727023792428 0.9283688068389893 13
1727023811174 0.9297181367874146 14
1727023828764 0.9312188029289246 15
1727023849020 0.9314387440681458 16
1727023866054 0.9315751791000366 17
1727023881220 0.93482905626297 18
1727023896831 0.9385871291160583 19
1727023912408 0.9358156323432922 20
1727023929440 0.9391891956329346 21
1727023946864 0.9417372941970825 22
1727023963508 0.9407171010971069 23
1727023980938 0.9454674124717712 24
1727023999645 0.9410112500190735 25
1727024019354 0.9442075490951538 26
1727024035955 0.9452490210533142 27
1727024053587 0.9451371431350708 28
1727024069536 0.9502310752868652 29
1727024084813 0.949857771396637 30
1727024100323 0.9496656060218811 31
1727024116951 0.946346640586853 32
1727024135471 0.9478538632392883 33
1727024153638 0.9533898234367371 34
1727024171704 0.9522293210029602 35
1727024189994 0.9558404684066772 36
1727024209717 0.9543183445930481 37
1727024230201 0.9526690244674683 38
1727024241899 0.9451371431350708 39
