1727023552848 0.21662642061710358 0
1727023571424 0.7409451603889465 1
1727023592060 0.8213176727294922 2
1727023616217 0.837185263633728 3
1727023641152 0.8496032953262329 4
1727023660639 0.8589168787002563 5
1727023676417 0.8692652583122253 6
1727023692032 0.871334969997406 7
1727023707660 0.8827182054519653 8
1727023722671 0.8785788416862488 9
1727023738581 0.8830631375312805 10
1727023755385 0.889272153377533 11
1727023774338 0.8954812288284302 12
1727023792428 0.9030700325965881 13
1727023811174 0.8989306688308716 14
1727023828764 0.9013453125953674 15
1727023849020 0.9044498205184937 16
1727023866054 0.9016902446746826 17
1727023881220 0.905484676361084 18
1727023896831 0.9120386242866516 19
1727023912408 0.9103139042854309 20
1727023929440 0.9110037684440613 21
1727023946864 0.9199724197387695 22
1727023963508 0.9141083359718323 23
1727023980938 0.9210072159767151 24
1727023999645 0.9244567155838013 25
1727024019354 0.9165229201316833 26
1727024035955 0.9230769276618958 27
1727024053587 0.9151431322097778 28
1727024069536 0.9220420718193054 29
1727024084813 0.921352207660675 30
1727024100323 0.9306657314300537 31
1727024116951 0.9248016476631165 32
1727024135471 0.9216971397399902 33
1727024153638 0.9313556551933289 34
1727024171704 0.9282511472702026 35
1727024189994 0.9258365035057068 36
1727024209717 0.9223870038986206 37
1727024230201 0.9234218597412109 38
1727024241899 0.9151431322097778 39
