1727023552848 3300022.0 0
1727023571424 3300003.0 1
1727023592060 3300056.0 2
1727023616217 3300080.0 3
1727023641152 3300092.0 4
1727023660639 3300095.0 5
1727023676417 3300108.0 6
1727023692032 3300099.0 7
1727023707660 3300121.0 8
1727023722671 3300115.0 9
1727023738581 3300126.0 10
1727023755385 3300140.0 11
1727023774338 3300146.0 12
1727023792428 3300146.0 13
1727023811174 3300151.0 14
1727023828764 3300155.0 15
1727023849020 3300155.0 16
1727023866054 3300156.0 17
1727023881220 3300165.0 18
1727023896831 3300175.0 19
1727023912408 3300167.0 20
1727023929440 3300177.0 21
1727023946864 3300183.0 22
1727023963508 3300181.0 23
1727023980938 3300194.0 24
1727023999645 3300180.0 25
1727024019354 3300191.0 26
1727024035955 3300193.0 27
1727024053587 3300194.0 28
1727024069536 3300208.0 29
1727024084813 3300207.0 30
1727024100323 3300205.0 31
1727024116951 3300196.0 32
1727024135471 3300201.0 33
1727024153638 3300216.0 34
1727024171704 3300213.0 35
1727024189994 3300224.0 36
1727024209717 3300220.0 37
1727024230201 3300215.0 38
1727024241899 3300194.0 39
