1727023552848 628.0 0
1727023571424 2148.0 1
1727023592060 2381.0 2
1727023616217 2427.0 3
1727023641152 2463.0 4
1727023660639 2490.0 5
1727023676417 2520.0 6
1727023692032 2526.0 7
1727023707660 2559.0 8
1727023722671 2547.0 9
1727023738581 2560.0 10
1727023755385 2578.0 11
1727023774338 2596.0 12
1727023792428 2618.0 13
1727023811174 2606.0 14
1727023828764 2613.0 15
1727023849020 2622.0 16
1727023866054 2614.0 17
1727023881220 2625.0 18
1727023896831 2644.0 19
1727023912408 2639.0 20
1727023929440 2641.0 21
1727023946864 2667.0 22
1727023963508 2650.0 23
1727023980938 2670.0 24
1727023999645 2680.0 25
1727024019354 2657.0 26
1727024035955 2676.0 27
1727024053587 2653.0 28
1727024069536 2673.0 29
1727024084813 2671.0 30
1727024100323 2698.0 31
1727024116951 2681.0 32
1727024135471 2672.0 33
1727024153638 2700.0 34
1727024171704 2691.0 35
1727024189994 2684.0 36
1727024209717 2674.0 37
1727024230201 2677.0 38
1727024241899 2653.0 39
