1716818455187 0.9580361247062683 0
1716818463914 0.9991223812103271 1
1716818473237 0.9991223812103271 2
1716818481497 0.9991223812103271 3
1716818489992 0.9991223812103271 4
1716818497709 0.9991223812103271 5
1716818537974 0.9991217851638794 6
1716818546578 0.9991217851638794 7
1716818555008 0.9991257190704346 8
1716818563416 0.9991220831871033 9
1716818572052 0.9991296529769897 10
1716818580437 0.9991269111633301 11
1716818588876 0.9991393089294434 12
1716818597418 0.9991468787193298 13
1716818605796 0.9991435408592224 14
1716818614315 0.9991402626037598 15
1716818622766 0.9991414546966553 16
1716818631319 0.9991423487663269 17
1716818639888 0.9991529583930969 18
