1716818455187 0.4986351728439331 0
1716818463914 0.5863354206085205 1
1716818473237 0.7194730639457703 2
1716818481497 0.8877457976341248 3
1716818489992 0.9552565217018127 4
1716818497709 0.9707943797111511 5
1716818537974 0.9777308702468872 6
1716818546578 0.9794347286224365 7
1716818555008 0.9804601669311523 8
1716818563416 0.9799700379371643 9
1716818572052 0.9809293746948242 10
1716818580437 0.9808787107467651 11
1716818588876 0.9807755947113037 12
1716818597418 0.9808103442192078 13
1716818605796 0.9807201027870178 14
1716818614315 0.981113076210022 15
1716818622766 0.9809944033622742 16
1716818631319 0.9809325933456421 17
1716818639888 0.9811623692512512 18
