1716818455187 0.13978660106658936 0
1716818463914 0.022719815373420715 1
1716818473237 0.01097224373370409 2
1716818481497 0.006561155430972576 3
1716818489992 0.004786538891494274 4
1716818497709 0.003995079081505537 5
1716818537974 0.003581122262403369 6
1716818546578 0.003356414381414652 7
1716818555008 0.0032188466284424067 8
1716818563416 0.003154022851958871 9
1716818572052 0.003022810909897089 10
1716818580437 0.0030159640591591597 11
1716818588876 0.002949048299342394 12
1716818597418 0.0029225230682641268 13
1716818605796 0.002901423489674926 14
1716818614315 0.0028360101860016584 15
1716818622766 0.002874859143048525 16
1716818631319 0.0028944271616637707 17
1716818639888 0.0028630539309233427 18
