1716818455187 0.03962720185518265 0
1716818463914 0.003857122268527746 1
1716818473237 0.00165602657943964 2
1716818481497 0.0011060555698350072 3
1716818489992 0.0009130845428444445 4
1716818497709 0.0008271696860902011 5
1716818537974 0.0007895045564509928 6
1716818546578 0.0007634315988980234 7
1716818555008 0.00074223947012797 8
1716818563416 0.000734612054657191 9
1716818572052 0.000713297282345593 10
1716818580437 0.0007041820790618658 11
1716818588876 0.0006929566734470427 12
1716818597418 0.0006853609229438007 13
1716818605796 0.0006776353111490607 14
1716818614315 0.000672074209433049 15
1716818622766 0.000670203531626612 16
1716818631319 0.0006717295618727803 17
1716818639888 0.000661978789139539 18
