1716818455187 0.0008403624524362385 0
1716818463914 0.0012683641398325562 1
1716818473237 0.0033492036163806915 2
1716818481497 0.01539556309580803 3
1716818489992 0.0444738008081913 4
1716818497709 0.07970669865608215 5
1716818537974 0.16925880312919617 6
1716818546578 0.22499164938926697 7
1716818555008 0.26519182324409485 8
1716818563416 0.2724676728248596 9
1716818572052 0.32196974754333496 10
1716818580437 0.33667242527008057 11
1716818588876 0.35808515548706055 12
1716818597418 0.3688485622406006 13
1716818605796 0.37985268235206604 14
1716818614315 0.38684457540512085 15
1716818622766 0.3916131556034088 16
1716818631319 0.3868166506290436 17
1716818639888 0.399128258228302 18
