1716818455187 0.0005593582172878087 0
1716818463914 0.0 1
1716818473237 0.0 2
1716818481497 0.0 3
1716818489992 0.0 4
1716818497709 0.0 5
1716818537974 0.0 6
1716818546578 0.0 7
1716818555008 0.7894737124443054 8
1716818563416 0.4878048896789551 9
1716818572052 0.6395348906517029 10
1716818580437 0.5524475574493408 11
1716818588876 0.6538461446762085 12
1716818597418 0.6975609660148621 13
1716818605796 0.6699029207229614 14
1716818614315 0.6244725584983826 15
1716818622766 0.6197718381881714 16
1716818631319 0.6309523582458496 17
1716818639888 0.6688963174819946 18
