1716818455187 0.026215936988592148 0
1716818463914 0.0 1
1716818473237 0.0 2
1716818481497 0.0 3
1716818489992 0.0 4
1716818497709 0.0 5
1716818537974 0.0 6
1716818546578 0.0 7
1716818555008 0.005174198187887669 8
1716818563416 0.006898930761963129 9
1716818572052 0.018972059711813927 10
1716818580437 0.027250776067376137 11
1716818588876 0.04104863852262497 12
1716818597418 0.04932735487818718 13
1716818605796 0.04760261997580528 14
1716818614315 0.05105208605527878 15
1716818622766 0.05622628331184387 16
1716818631319 0.05484649911522865 17
1716818639888 0.06898930668830872 18
