1716818455187 3164554.0 0
1716818463914 3300348.0 1
1716818473237 3300348.0 2
1716818481497 3300348.0 3
1716818489992 3300348.0 4
1716818497709 3300348.0 5
1716818537974 3300346.0 6
1716818546578 3300346.0 7
1716818555008 3300344.0 8
1716818563416 3300327.0 9
1716818572052 3300317.0 10
1716818580437 3300284.0 11
1716818588876 3300285.0 12
1716818597418 3300286.0 13
1716818605796 3300280.0 14
1716818614315 3300259.0 15
1716818622766 3300248.0 16
1716818631319 3300255.0 17
1716818639888 3300249.0 18
