1717405275105 0.9991429448127747 0
1717405285120 0.9995531439781189 1
1717405295545 0.9996778964996338 2
1717405306244 0.999724805355072 3
1717405317487 0.9997454285621643 4
1717405328526 0.9997559785842896 5
1717405338337 0.9997538924217224 6
1717405348322 0.9997629523277283 7
1717405358258 0.9997768998146057 8
1717405368102 0.9997656941413879 9
1717405378167 0.9997847676277161 10
1717405388524 0.9997823238372803 11
1717405399119 0.9997938275337219 12
1717405410174 0.9997926354408264 13
1717405419234 0.9998002052307129 14
1717405428555 0.9998071789741516 15
1717405438233 0.9998065829277039 16
1717405448247 0.9998092651367188 17
1717405458834 0.999819278717041 18
1717405470207 0.9998123049736023 19
1717405481722 0.9998262524604797 20
1717405491158 0.9998198747634888 21
1717405500762 0.9998210668563843 22
1717405511229 0.9998140931129456 23
1717405520443 0.9998304843902588 24
1717405529898 0.9998362064361572 25
1717405540268 0.9998325705528259 26
