1717405275105 0.8671552538871765 0
1717405285120 0.9742935299873352 1
1717405295545 0.9783649444580078 2
1717405306244 0.9783843755722046 3
1717405317487 0.9773542881011963 4
1717405328526 0.9797768592834473 5
1717405338337 0.9794319868087769 6
1717405348322 0.9789165258407593 7
1717405358258 0.9914401769638062 8
1717405368102 0.9905380010604858 9
1717405378167 0.9924548268318176 10
1717405388524 0.9928162693977356 11
1717405399119 0.9916224479675293 12
1717405410174 0.9912664890289307 13
1717405419234 0.9928061962127686 14
1717405428555 0.9943420886993408 15
1717405438233 0.9928030371665955 16
1717405448247 0.9933306574821472 17
1717405458834 0.9924777746200562 18
1717405470207 0.9938536286354065 19
1717405481722 0.9940184354782104 20
1717405491158 0.9933331608772278 21
1717405500762 0.9948700070381165 22
1717405511229 0.9936843514442444 23
1717405520443 0.9950510859489441 24
1717405529898 0.9972838759422302 25
1717405540268 0.9942020773887634 26
