1717405275105 0.00388871761970222 0
1717405285120 0.0015223639784380794 1
1717405295545 0.0011651840759441257 2
1717405306244 0.0010495969327166677 3
1717405317487 0.0009857648983597755 4
1717405328526 0.0009039634605869651 5
1717405338337 0.0009073195396922529 6
1717405348322 0.000877547834534198 7
1717405358258 0.0008580434950999916 8
1717405368102 0.0008664969354867935 9
1717405378167 0.0008201282471418381 10
1717405388524 0.0008328338735736907 11
1717405399119 0.0008040726534090936 12
1717405410174 0.0007971801096573472 13
1717405419234 0.0007761571905575693 14
1717405428555 0.0007558955112472177 15
1717405438233 0.0007672065985389054 16
1717405448247 0.0007630956824868917 17
1717405458834 0.0007115770713426173 18
1717405470207 0.0007428731769323349 19
1717405481722 0.0007139428635127842 20
1717405491158 0.0007102519157342613 21
1717405500762 0.0007003604550845921 22
1717405511229 0.0007196026854217052 23
1717405520443 0.0006922157481312752 24
1717405529898 0.0006662156083621085 25
1717405540268 0.0006697241333313286 26
