1717405275105 0.0007654257933609188 0
1717405285120 0.0003499698650557548 1
1717405295545 0.0002555826213210821 2
1717405306244 0.0002205631899414584 3
1717405317487 0.00020651846716646105 4
1717405328526 0.00019243007409386337 5
1717405338337 0.00019413114932831377 6
1717405348322 0.00018825900042429566 7
1717405358258 0.00018023284792434424 8
1717405368102 0.00018606054072733968 9
1717405378167 0.00017148320330306888 10
1717405388524 0.00017417440540157259 11
1717405399119 0.00016770705406088382 12
1717405410174 0.00016682471323292702 13
1717405419234 0.00016174191841855645 14
1717405428555 0.00015761585382279009 15
1717405438233 0.00015813633217476308 16
1717405448247 0.00015491407248191535 17
1717405458834 0.00014352917787618935 18
1717405470207 0.00015256361803039908 19
1717405481722 0.00014174352691043168 20
1717405491158 0.00014542098506353796 21
1717405500762 0.0001432911813026294 22
1717405511229 0.00015045193140394986 23
1717405520443 0.00013890425907447934 24
1717405529898 0.00013264414155855775 25
1717405540268 0.0001360095920972526 26
