1717405275105 2521.0 0
1717405285120 1070.0 1
1717405295545 737.0 2
1717405306244 635.0 3
1717405317487 578.0 4
1717405328526 552.0 5
1717405338337 568.0 6
1717405348322 544.0 7
1717405358258 512.0 8
1717405368102 543.0 9
1717405378167 486.0 10
1717405388524 504.0 11
1717405399119 473.0 12
1717405410174 477.0 13
1717405419234 459.0 14
1717405428555 447.0 15
1717405438233 446.0 16
1717405448247 444.0 17
1717405458834 417.0 18
1717405470207 439.0 19
1717405481722 404.0 20
1717405491158 418.0 21
1717405500762 414.0 22
1717405511229 432.0 23
1717405520443 389.0 24
1717405529898 387.0 25
1717405540268 390.0 26
