1717405275105 310.0 0
1717405285120 406.0 1
1717405295545 327.0 2
1717405306244 274.0 3
1717405317487 263.0 4
1717405328526 254.0 5
1717405338337 245.0 6
1717405348322 239.0 7
1717405358258 225.0 8
1717405368102 231.0 9
1717405378167 225.0 10
1717405388524 215.0 11
1717405399119 208.0 12
1717405410174 208.0 13
1717405419234 201.0 14
1717405428555 190.0 15
1717405438233 193.0 16
1717405448247 186.0 17
1717405458834 180.0 18
1717405470207 181.0 19
1717405481722 170.0 20
1717405491158 177.0 21
1717405500762 177.0 22
1717405511229 182.0 23
1717405520443 171.0 24
1717405529898 154.0 25
1717405540268 163.0 26
