1717405275105 0.2291094958782196 0
1717405285120 0.7747505903244019 1
1717405295545 0.856062114238739 2
1717405306244 0.8689041137695312 3
1717405317487 0.871548056602478 4
1717405328526 0.8915419578552246 5
1717405338337 0.8893548250198364 6
1717405348322 0.8943920731544495 7
1717405358258 0.8985403776168823 8
1717405368102 0.8930319547653198 9
1717405378167 0.9050567150115967 10
1717405388524 0.9026404619216919 11
1717405399119 0.9066083431243896 12
1717405410174 0.9119740724563599 13
1717405419234 0.9138582348823547 14
1717405428555 0.9168498516082764 15
1717405438233 0.9121532440185547 16
1717405448247 0.9144941568374634 17
1717405458834 0.9223750829696655 18
1717405470207 0.9179009199142456 19
1717405481722 0.9235125780105591 20
1717405491158 0.9230914115905762 21
1717405500762 0.9266656041145325 22
1717405511229 0.9222632646560669 23
1717405520443 0.9260575175285339 24
1717405529898 0.9325658082962036 25
1717405540268 0.9300144910812378 26
