1717405275105 0.5494186282157898 0
1717405285120 0.8183445334434509 1
1717405295545 0.8686219453811646 2
1717405306244 0.8920409679412842 3
1717405317487 0.8982198238372803 4
1717405328526 0.9023452401161194 5
1717405338337 0.904891312122345 6
1717405348322 0.9078642725944519 7
1717405358258 0.9138591289520264 8
1717405368102 0.9107073545455933 9
1717405378167 0.914708137512207 10
1717405388524 0.9176245331764221 11
1717405399119 0.9210326671600342 12
1717405410174 0.9209125638008118 13
1717405419234 0.9238924384117126 14
1717405428555 0.9280847907066345 15
1717405438233 0.9270597100257874 16
1717405448247 0.9295721054077148 17
1717405458834 0.9323816895484924 18
1717405470207 0.9314653277397156 19
1717405481722 0.9362101554870605 20
1717405491158 0.9334085583686829 21
1717405500762 0.9335086345672607 22
1717405511229 0.9312947988510132 23
1717405520443 0.9362178444862366 24
1717405529898 0.94223552942276 25
1717405540268 0.9389970302581787 26
