1717405275105 0.13038979470729828 0
1717405285120 0.6309072375297546 1
1717405295545 0.7457743883132935 2
1717405306244 0.7809589505195618 3
1717405317487 0.8006209135055542 4
1717405328526 0.8095895051956177 5
1717405338337 0.8040703535079956 6
1717405348322 0.8123490810394287 7
1717405358258 0.8233873844146729 8
1717405368102 0.8126940131187439 9
1717405378167 0.8323559761047363 10
1717405388524 0.8261469602584839 11
1717405399119 0.8368402719497681 12
1717405410174 0.8354604840278625 13
1717405419234 0.8416695594787598 14
1717405428555 0.8458089232444763 15
1717405438233 0.8461538553237915 16
1717405448247 0.8468437194824219 17
1717405458834 0.8561573028564453 18
1717405470207 0.8485684990882874 19
1717405481722 0.860641598701477 20
1717405491158 0.8558123707771301 21
1717405500762 0.8571921586990356 22
1717405511229 0.8509830832481384 23
1717405520443 0.8658158183097839 24
1717405529898 0.8665056824684143 25
1717405540268 0.865470826625824 26
