1717405275105 3300038.0 0
1717405285120 3299942.0 1
1717405295545 3300021.0 2
1717405306244 3300074.0 3
1717405317487 3300085.0 4
1717405328526 3300094.0 5
1717405338337 3300103.0 6
1717405348322 3300109.0 7
1717405358258 3300123.0 8
1717405368102 3300117.0 9
1717405378167 3300123.0 10
1717405388524 3300133.0 11
1717405399119 3300140.0 12
1717405410174 3300140.0 13
1717405419234 3300147.0 14
1717405428555 3300158.0 15
1717405438233 3300155.0 16
1717405448247 3300162.0 17
1717405458834 3300168.0 18
1717405470207 3300167.0 19
1717405481722 3300178.0 20
1717405491158 3300171.0 21
1717405500762 3300171.0 22
1717405511229 3300166.0 23
1717405520443 3300177.0 24
1717405529898 3300194.0 25
1717405540268 3300185.0 26
