1717405275105 378.0 0
1717405285120 1829.0 1
1717405295545 2162.0 2
1717405306244 2264.0 3
1717405317487 2321.0 4
1717405328526 2347.0 5
1717405338337 2331.0 6
1717405348322 2355.0 7
1717405358258 2387.0 8
1717405368102 2356.0 9
1717405378167 2413.0 10
1717405388524 2395.0 11
1717405399119 2426.0 12
1717405410174 2422.0 13
1717405419234 2440.0 14
1717405428555 2452.0 15
1717405438233 2453.0 16
1717405448247 2455.0 17
1717405458834 2482.0 18
1717405470207 2460.0 19
1717405481722 2495.0 20
1717405491158 2481.0 21
1717405500762 2485.0 22
1717405511229 2467.0 23
1717405520443 2510.0 24
1717405529898 2512.0 25
1717405540268 2509.0 26
