1716734843656 0.9150813817977905 0
1716734846801 0.9992131590843201 1
1716734849829 0.9997367262840271 2
1716734852771 0.9997907280921936 3
1716734855592 0.9998447299003601 4
1716734858482 0.9998447299003601 5
1716734861279 0.9998447299003601 6
1716734864065 0.9998447299003601 7
1716734866826 0.9998447299003601 8
1716734869692 0.9998447299003601 9
1716734872453 0.9998447299003601 10
1716734875230 0.9998447299003601 11
1716734878148 0.9998447299003601 12
1716734880904 0.9998447299003601 13
1716734883670 0.9998447299003601 14
1716734886530 0.9998447299003601 15
1716734889304 0.9998447299003601 16
1716734892273 0.9998447299003601 17
1716734895168 0.9998447299003601 18
1716734897948 0.9998447299003601 19
1716734900725 0.9998447299003601 20
1716734903500 0.9998447299003601 21
1716734906336 0.9998447299003601 22
1716734909113 0.9998447299003601 23
1716734911908 0.9998447299003601 24
1716734914801 0.9998447299003601 25
1716734917557 0.9998447299003601 26
1716734920318 0.9998447299003601 27
1716734923230 0.9998437762260437 28
1716734926031 0.9998437762260437 29
1716734928838 0.9998447299003601 30
1716734931698 0.9998447299003601 31
1716734934493 0.9998447299003601 32
1716734937628 0.9998457431793213 33
1716734940834 0.9998466968536377 34
1716734943840 0.9998437762260437 35
1716734946687 0.9998486042022705 36
1716734949487 0.9998466968536377 37
1716734952425 0.9998447299003601 38
1716734955304 0.9998476505279541 39
1716734958089 0.9998466968536377 40
1716734960849 0.9998495578765869 41
1716734963710 0.9998505115509033 42
1716734966484 0.9998505115509033 43
1716734969273 0.9998486042022705 44
1716734972204 0.9998543858528137 45
1716734974984 0.9998495578765869 46
1716734977738 0.9998524785041809 47
1716734980496 0.9998524785041809 48
1716734983387 0.9998553395271301 49
1716734986173 0.9998534321784973 50
1716734988961 0.9998515248298645 51
1716734991717 0.9998515248298645 52
1716734994629 0.9998563528060913 53
1716734997528 0.9998476505279541 54
1716735000274 0.9998601675033569 55
1716735003276 0.9998563528060913 56
1716735006079 0.9998515248298645 57
1716735008850 0.9998495578765869 58
1716735011883 0.9998592138290405 59
1716735014732 0.9998573064804077 60
1716735017546 0.9998534321784973 61
1716735020326 0.9998611211776733 62
1716735023240 0.9998621344566345 63
1716735026058 0.9998592138290405 64
1716735028971 0.9998543858528137 65
1716735031993 0.9998688697814941 66
1716735034809 0.9998553395271301 67
1716735037618 0.9998601675033569 68
1716735040414 0.9998611211776733 69
1716735043695 0.9998553395271301 70
1716735046826 0.9998582601547241 71
1716735049916 0.9998592138290405 72
1716735052867 0.9998573064804077 73
1716735055896 0.9998640418052673 74
1716735058763 0.9998640418052673 75
1716735061596 0.9998582601547241 76
1716735064623 0.9998505115509033 77
1716735067653 0.9998543858528137 78
