1716734843656 0.48775628209114075 0
1716734846801 0.4354940354824066 1
1716734849829 0.4615786075592041 2
1716734852771 0.492996484041214 3
1716734855592 0.5159386396408081 4
1716734858482 0.5224048495292664 5
1716734861279 0.509905219078064 6
1716734864065 0.5162303447723389 7
1716734866826 0.5225723385810852 8
1716734869692 0.5774053931236267 9
1716734872453 0.605143129825592 10
1716734875230 0.6260729432106018 11
1716734878148 0.7152115106582642 12
1716734880904 0.7197892665863037 13
1716734883670 0.8047141432762146 14
1716734886530 0.8532425761222839 15
1716734889304 0.8916012048721313 16
1716734892273 0.9208636283874512 17
1716734895168 0.9309574365615845 18
1716734897948 0.962496280670166 19
1716734900725 0.9600726366043091 20
1716734903500 0.9637921452522278 21
1716734906336 0.9855862855911255 22
1716734909113 0.9735438823699951 23
1716734911908 0.9861533045768738 24
1716734914801 0.9895322918891907 25
1716734917557 0.9834691286087036 26
1716734920318 0.9866059422492981 27
1716734923230 0.9805830121040344 28
1716734926031 0.9898691773414612 29
1716734928838 0.9900378584861755 30
1716734931698 0.9931096434593201 31
1716734934493 0.9932199120521545 32
1716734937628 0.9932368993759155 33
1716734940834 0.9901275038719177 34
1716734943840 0.9901390671730042 35
1716734946687 0.9933368563652039 36
1716734949487 0.9964028596878052 37
1716734952425 0.9964677691459656 38
1716734955304 0.9933159351348877 39
1716734958089 0.9902326464653015 40
1716734960849 0.9902514219284058 41
1716734963710 0.9964621067047119 42
1716734966484 0.9933390021324158 43
1716734969273 0.9933971762657166 44
1716734972204 0.9903250336647034 45
1716734974984 0.9902711510658264 46
1716734977738 0.999598503112793 47
1716734980496 0.9965911507606506 48
1716734983387 0.9965733885765076 49
1716734986173 0.9965177178382874 50
1716734988961 0.9996428489685059 51
1716734991717 0.9997165203094482 52
1716734994629 0.9966012835502625 53
1716734997528 0.9966468811035156 54
1716735000274 0.9996623396873474 55
1716735003276 0.9997063875198364 56
1716735006079 0.9996940493583679 57
1716735008850 0.999691367149353 58
1716735011883 0.9996948838233948 59
1716735014732 0.9997068047523499 60
1716735017546 0.9996745586395264 61
1716735020326 0.9966141581535339 62
1716735023240 0.9966235756874084 63
1716735026058 0.9996859431266785 64
1716735028971 0.9996888637542725 65
1716735031993 0.9996981620788574 66
1716735034809 0.9997051954269409 67
1716735037618 0.9996895790100098 68
1716735040414 0.9997172355651855 69
1716735043695 0.9966239333152771 70
1716735046826 0.9997138977050781 71
1716735049916 0.996599018573761 72
1716735052867 0.9997242093086243 73
1716735055896 0.9997685551643372 74
1716735058763 0.9997144341468811 75
1716735061596 0.9996991157531738 76
1716735064623 0.9997029304504395 77
1716735067653 0.9997165203094482 78
