1716734843656 0.2552063763141632 0
1716734846801 0.04658906161785126 1
1716734849829 0.024531692266464233 2
1716734852771 0.016742946580052376 3
1716734855592 0.012637346982955933 4
1716734858482 0.009821350686252117 5
1716734861279 0.007573510520160198 6
1716734864065 0.005925619509071112 7
1716734866826 0.0046262722462415695 8
1716734869692 0.003720395267009735 9
1716734872453 0.0030095644760876894 10
1716734875230 0.002534634666517377 11
1716734878148 0.002113557420670986 12
1716734880904 0.0018734538462013006 13
1716734883670 0.0015930308727547526 14
1716734886530 0.0014118921244516969 15
1716734889304 0.0012863177107647061 16
1716734892273 0.00116665568202734 17
1716734895168 0.0010649216128513217 18
1716734897948 0.0009636126924306154 19
1716734900725 0.0009057000861503184 20
1716734903500 0.0008451964822597802 21
1716734906336 0.0007993601611815393 22
1716734909113 0.0007550075533799827 23
1716734911908 0.0007206298178061843 24
1716734914801 0.000679283868521452 25
1716734917557 0.0006571017438545823 26
1716734920318 0.0006364823202602565 27
1716734923230 0.0006350557669065893 28
1716734926031 0.0006120623438619077 29
1716734928838 0.0005860481760464609 30
1716734931698 0.0005673225969076157 31
1716734934493 0.0005495817749761045 32
1716734937628 0.0005377838970161974 33
1716734940834 0.0005355884204618633 34
1716734943840 0.0005321671487763524 35
1716734946687 0.0005069978069514036 36
1716734949487 0.0005056890076957643 37
1716734952425 0.0004970907466486096 38
1716734955304 0.0004893214209005237 39
1716734958089 0.0005046192673034966 40
1716734960849 0.0004971199668943882 41
1716734963710 0.0004751490487251431 42
1716734966484 0.0004828783858101815 43
1716734969273 0.00046611574362032115 44
1716734972204 0.00045821297680959105 45
1716734974984 0.0004786129866261035 46
1716734977738 0.00045829248847439885 47
1716734980496 0.00042719041812233627 48
1716734983387 0.000433732639066875 49
1716734986173 0.000442194432253018 50
1716734988961 0.00044280270230956376 51
1716734991717 0.00041948631405830383 52
1716734994629 0.0004188566526863724 53
1716734997528 0.0004154085472691804 54
1716735000274 0.0004270575300324708 55
1716735003276 0.00040936178993433714 56
1716735006079 0.00041570281609892845 57
1716735008850 0.00041985404095612466 58
1716735011883 0.00040468768565915525 59
1716735014732 0.0004073400341439992 60
1716735017546 0.00041787480586208403 61
1716735020326 0.0004059774219058454 62
1716735023240 0.00039117582491599023 63
1716735026058 0.00040796835673972964 64
1716735028971 0.00040809938218444586 65
1716735031993 0.0003908343496732414 66
1716735034809 0.0003979448229074478 67
1716735037618 0.0004051608848385513 68
1716735040414 0.00039293483132496476 69
1716735043695 0.0003918853763025254 70
1716735046826 0.0003900312294717878 71
1716735049916 0.00039432678022421896 72
1716735052867 0.0003913280670531094 73
1716735055896 0.00036057300167158246 74
1716735058763 0.0003855589311569929 75
1716735061596 0.00038961568498052657 76
1716735064623 0.00040162645746022463 77
1716735067653 0.00038278623833321035 78
