1716734843656 0.0748300701379776 0
1716734846801 0.008874590508639812 1
1716734849829 0.004426470957696438 2
1716734852771 0.0029232571832835674 3
1716734855592 0.002112172544002533 4
1716734858482 0.0015541246393695474 5
1716734861279 0.0011165174655616283 6
1716734864065 0.0008042062981985509 7
1716734866826 0.0005909501342102885 8
1716734869692 0.00046086451038718224 9
1716734872453 0.00037839062861166894 10
1716734875230 0.0003258366778027266 11
1716734878148 0.0002813161408994347 12
1716734880904 0.0002538914268370718 13
1716734883670 0.00023046921705827117 14
1716734886530 0.00021128234220668674 15
1716734889304 0.00019973549933638424 16
1716734892273 0.00018810438632499427 17
1716734895168 0.0001784252526704222 18
1716734897948 0.00017014946206472814 19
1716734900725 0.00016515611787326634 20
1716734903500 0.00015912267554085702 21
1716734906336 0.0001562639226904139 22
1716734909113 0.00015148709644563496 23
1716734911908 0.00014857645146548748 24
1716734914801 0.00014528975589200854 25
1716734917557 0.0001442219945602119 26
1716734920318 0.0001426994422217831 27
1716734923230 0.00014170266513247043 28
1716734926031 0.00014121290587354451 29
1716734928838 0.00013806030619889498 30
1716734931698 0.00013587730063591152 31
1716734934493 0.00013289401249494404 32
1716734937628 0.0001307057827943936 33
1716734940834 0.00013075309107080102 34
1716734943840 0.0001317547430517152 35
1716734946687 0.00012693798635154963 36
1716734949487 0.0001278227282455191 37
1716734952425 0.00012853399675805122 38
1716734955304 0.0001252804504474625 39
1716734958089 0.00012877766857855022 40
1716734960849 0.00012752840120811015 41
1716734963710 0.00012330926256254315 42
1716734966484 0.00012545990466605872 43
1716734969273 0.00012216072354931384 44
1716734972204 0.00011894228373421356 45
1716734974984 0.00012657532352022827 46
1716734977738 0.00012150075781391934 47
1716734980496 0.00011447952419985086 48
1716734983387 0.00011543936852831393 49
1716734986173 0.0001169178940472193 50
1716734988961 0.00011963718861807138 51
1716734991717 0.00011384640674805269 52
1716734994629 0.00011305596126476303 53
1716734997528 0.0001142421315307729 54
1716735000274 0.00011458145309006795 55
1716735003276 0.00011166730109835044 56
1716735006079 0.00011301294580334798 57
1716735008850 0.00011570847709663212 58
1716735011883 0.0001097929198294878 59
1716735014732 0.00011138660920551047 60
1716735017546 0.00011411632294766605 61
1716735020326 0.00011074786743847653 62
1716735023240 0.00010478237527422607 63
1716735026058 0.00011133618681924418 64
1716735028971 0.00011198335414519534 65
1716735031993 0.00010565655247773975 66
1716735034809 0.00011016623466275632 67
1716735037618 0.00011082029959652573 68
1716735040414 0.00010845061478903517 69
1716735043695 0.00010843827476492152 70
1716735046826 0.00010648173338267952 71
1716735049916 0.00010663268767530099 72
1716735052867 0.00010839202877832577 73
1716735055896 9.939144365489483e-05 74
1716735058763 0.0001057599438354373 75
1716735061596 0.00010683850268833339 76
1716735064623 0.00011207462375750765 77
1716735067653 0.00010552317689871415 78
