1716734843656 140.0 0
1716734846801 160.0 1
1716734849829 161.0 2
1716734852771 161.0 3
1716734855592 161.0 4
1716734858482 161.0 5
1716734861279 161.0 6
1716734864065 161.0 7
1716734866826 161.0 8
1716734869692 161.0 9
1716734872453 161.0 10
1716734875230 161.0 11
1716734878148 161.0 12
1716734880904 161.0 13
1716734883670 161.0 14
1716734886530 161.0 15
1716734889304 161.0 16
1716734892273 161.0 17
1716734895168 161.0 18
1716734897948 161.0 19
1716734900725 161.0 20
1716734903500 161.0 21
1716734906336 161.0 22
1716734909113 161.0 23
1716734911908 161.0 24
1716734914801 161.0 25
1716734917557 161.0 26
1716734920318 161.0 27
1716734923230 161.0 28
1716734926031 161.0 29
1716734928838 161.0 30
1716734931698 161.0 31
1716734934493 161.0 32
1716734937628 160.0 33
1716734940834 159.0 34
1716734943840 160.0 35
1716734946687 157.0 36
1716734949487 157.0 37
1716734952425 157.0 38
1716734955304 156.0 39
1716734958089 155.0 40
1716734960849 155.0 41
1716734963710 152.0 42
1716734966484 154.0 43
1716734969273 156.0 44
1716734972204 149.0 45
1716734974984 152.0 46
1716734977738 150.0 47
1716734980496 145.0 48
1716734983387 143.0 49
1716734986173 145.0 50
1716734988961 146.0 51
1716734991717 145.0 52
1716734994629 142.0 53
1716734997528 147.0 54
1716735000274 141.0 55
1716735003276 141.0 56
1716735006079 139.0 57
1716735008850 138.0 58
1716735011883 137.0 59
1716735014732 137.0 60
1716735017546 141.0 61
1716735020326 139.0 62
1716735023240 134.0 63
1716735026058 134.0 64
1716735028971 141.0 65
1716735031993 125.0 66
1716735034809 138.0 67
1716735037618 134.0 68
1716735040414 130.0 69
1716735043695 134.0 70
1716735046826 137.0 71
1716735049916 132.0 72
1716735052867 136.0 73
1716735055896 126.0 74
1716735058763 131.0 75
1716735061596 134.0 76
1716735064623 140.0 77
1716735067653 134.0 78
