1716734843656 87925.0 0
1716734846801 656.0 1
1716734849829 112.0 2
1716734852771 56.0 3
1716734855592 0.0 4
1716734858482 0.0 5
1716734861279 0.0 6
1716734864065 0.0 7
1716734866826 0.0 8
1716734869692 0.0 9
1716734872453 0.0 10
1716734875230 0.0 11
1716734878148 0.0 12
1716734880904 0.0 13
1716734883670 0.0 14
1716734886530 0.0 15
1716734889304 0.0 16
1716734892273 0.0 17
1716734895168 0.0 18
1716734897948 0.0 19
1716734900725 0.0 20
1716734903500 0.0 21
1716734906336 0.0 22
1716734909113 0.0 23
1716734911908 0.0 24
1716734914801 0.0 25
1716734917557 0.0 26
1716734920318 0.0 27
1716734923230 1.0 28
1716734926031 1.0 29
1716734928838 0.0 30
1716734931698 0.0 31
1716734934493 0.0 32
1716734937628 0.0 33
1716734940834 0.0 34
1716734943840 2.0 35
1716734946687 0.0 36
1716734949487 2.0 37
1716734952425 4.0 38
1716734955304 2.0 39
1716734958089 4.0 40
1716734960849 1.0 41
1716734963710 3.0 42
1716734966484 1.0 43
1716734969273 1.0 44
1716734972204 2.0 45
1716734974984 4.0 46
1716734977738 3.0 47
1716734980496 8.0 48
1716734983387 7.0 49
1716734986173 7.0 50
1716734988961 8.0 51
1716734991717 9.0 52
1716734994629 7.0 53
1716734997528 11.0 54
1716735000274 4.0 55
1716735003276 8.0 56
1716735006079 15.0 57
1716735008850 18.0 58
1716735011883 9.0 59
1716735014732 11.0 60
1716735017546 11.0 61
1716735020326 5.0 62
1716735023240 9.0 63
1716735026058 12.0 64
1716735028971 10.0 65
1716735031993 11.0 66
1716735034809 12.0 67
1716735037618 11.0 68
1716735040414 14.0 69
1716735043695 16.0 70
1716735046826 10.0 71
1716735049916 14.0 72
1716735052867 12.0 73
1716735055896 15.0 74
1716735058763 10.0 75
1716735061596 13.0 76
1716735064623 15.0 77
1716735067653 17.0 78
