1716734843656 0.0002442013646941632 0
1716734846801 0.00018672770238481462 1
1716734849829 0.0001431690325262025 2
1716734852771 0.00015079972217790782 3
1716734855592 0.000236973020946607 4
1716734858482 0.00017476340872235596 5
1716734861279 0.00016642709670122713 6
1716734864065 0.00017385072715114802 7
1716734866826 0.00018122112669516355 8
1716734869692 0.0003290703461971134 9
1716734872453 0.0004799504822585732 10
1716734875230 0.0006154909497126937 11
1716734878148 0.0016706563765183091 12
1716734880904 0.0019379925215616822 13
1716734883670 0.0036273174919188023 14
1716734886530 0.006467835046350956 15
1716734889304 0.009568115696310997 16
1716734892273 0.014431341551244259 17
1716734895168 0.017875440418720245 18
1716734897948 0.022037656977772713 19
1716734900725 0.027805987745523453 20
1716734903500 0.038318268954753876 21
1716734906336 0.05050993710756302 22
1716734909113 0.05156480520963669 23
1716734911908 0.10284247994422913 24
1716734914801 0.13279664516448975 25
1716734917557 0.14442218840122223 26
1716734920318 0.17638279497623444 27
1716734923230 0.19573882222175598 28
1716734926031 0.19752997159957886 29
1716734928838 0.2555694282054901 30
1716734931698 0.26282113790512085 31
1716734934493 0.3127066493034363 32
1716734937628 0.3130878508090973 33
1716734940834 0.3007009029388428 34
1716734943840 0.2761649191379547 35
1716734946687 0.3485976755619049 36
1716734949487 0.3311428427696228 37
1716734952425 0.31095433235168457 38
1716734955304 0.3216712176799774 39
1716734958089 0.29301923513412476 40
1716734960849 0.31448107957839966 41
1716734963710 0.35686951875686646 42
1716734966484 0.33278536796569824 43
1716734969273 0.376736044883728 44
1716734972204 0.39960333704948425 45
1716734974984 0.30014628171920776 46
1716734977738 0.3817073702812195 47
1716734980496 0.4354533851146698 48
1716734983387 0.4150936007499695 49
1716734986173 0.4079841375350952 50
1716734988961 0.3650819957256317 51
1716734991717 0.42684024572372437 52
1716734994629 0.4322637915611267 53
1716734997528 0.4355993866920471 54
1716735000274 0.427059143781662 55
1716735003276 0.4465978741645813 56
1716735006079 0.43922626972198486 57
1716735008850 0.40188509225845337 58
1716735011883 0.4583652913570404 59
1716735014732 0.4391177296638489 60
1716735017546 0.4306095242500305 61
1716735020326 0.45658305287361145 62
1716735023240 0.5190038084983826 63
1716735026058 0.44210806488990784 64
1716735028971 0.4433860778808594 65
1716735031993 0.4897998571395874 66
1716735034809 0.447030246257782 67
1716735037618 0.4437890648841858 68
1716735040414 0.4573182165622711 69
1716735043695 0.46779727935791016 70
1716735046826 0.4922163784503937 71
1716735049916 0.46881601214408875 72
1716735052867 0.47015830874443054 73
1716735055896 0.537233293056488 74
1716735058763 0.48687443137168884 75
1716735061596 0.4779331386089325 76
1716735064623 0.43838101625442505 77
1716735067653 0.48970142006874084 78
