1716734843656 0.00023878288629930466 0
1716734846801 0.0015220700297504663 1
1716734849829 0.0 2
1716734852771 0.0 3
1716734855592 0.0 4
1716734858482 0.0 5
1716734861279 0.0 6
1716734864065 0.0 7
1716734866826 0.0 8
1716734869692 0.0 9
1716734872453 0.0 10
1716734875230 0.0 11
1716734878148 0.0 12
1716734880904 0.0 13
1716734883670 0.0 14
1716734886530 0.0 15
1716734889304 0.0 16
1716734892273 0.0 17
1716734895168 0.0 18
1716734897948 0.0 19
1716734900725 0.0 20
1716734903500 0.0 21
1716734906336 0.0 22
1716734909113 0.0 23
1716734911908 0.0 24
1716734914801 0.0 25
1716734917557 0.0 26
1716734920318 0.0 27
1716734923230 0.0 28
1716734926031 0.0 29
1716734928838 0.0 30
1716734931698 0.0 31
1716734934493 0.0 32
1716734937628 1.0 33
1716734940834 1.0 34
1716734943840 0.3333333432674408 35
1716734946687 1.0 36
1716734949487 0.6666666865348816 37
1716734952425 0.5 38
1716734955304 0.7142857313156128 39
1716734958089 0.6000000238418579 40
1716734960849 0.8571428656578064 41
1716734963710 0.75 42
1716734966484 0.875 43
1716734969273 0.8333333134651184 44
1716734972204 0.8571428656578064 45
1716734974984 0.692307710647583 46
1716734977738 0.7857142686843872 47
1716734980496 0.6666666865348816 48
1716734983387 0.7200000286102295 49
1716734986173 0.695652186870575 50
1716734988961 0.6521739363670349 51
1716734991717 0.6399999856948853 52
1716734994629 0.7307692170143127 53
1716734997528 0.5600000023841858 54
1716735000274 0.8333333134651184 55
1716735003276 0.7142857313156128 56
1716735006079 0.5945945978164673 57
1716735008850 0.5609756112098694 58
1716735011883 0.7272727489471436 59
1716735014732 0.6857143044471741 60
1716735017546 0.6451612710952759 61
1716735020326 0.8148148059844971 62
1716735023240 0.75 63
1716735026058 0.692307710647583 64
1716735028971 0.6666666865348816 65
1716735031993 0.7659574747085571 66
1716735034809 0.6571428775787354 67
1716735037618 0.7105262875556946 68
1716735040414 0.6888889074325562 69
1716735043695 0.6279069781303406 70
1716735046826 0.7058823704719543 71
1716735049916 0.6744186282157898 72
1716735052867 0.6756756901741028 73
1716735055896 0.699999988079071 74
1716735058763 0.75 75
1716735061596 0.675000011920929 76
1716735064623 0.5833333134651184 77
1716735067653 0.6136363744735718 78
