1716734843656 0.1304347813129425 0
1716734846801 0.006211180239915848 1
1716734849829 0.0 2
1716734852771 0.0 3
1716734855592 0.0 4
1716734858482 0.0 5
1716734861279 0.0 6
1716734864065 0.0 7
1716734866826 0.0 8
1716734869692 0.0 9
1716734872453 0.0 10
1716734875230 0.0 11
1716734878148 0.0 12
1716734880904 0.0 13
1716734883670 0.0 14
1716734886530 0.0 15
1716734889304 0.0 16
1716734892273 0.0 17
1716734895168 0.0 18
1716734897948 0.0 19
1716734900725 0.0 20
1716734903500 0.0 21
1716734906336 0.0 22
1716734909113 0.0 23
1716734911908 0.0 24
1716734914801 0.0 25
1716734917557 0.0 26
1716734920318 0.0 27
1716734923230 0.0 28
1716734926031 0.0 29
1716734928838 0.0 30
1716734931698 0.0 31
1716734934493 0.0 32
1716734937628 0.006211180239915848 33
1716734940834 0.012422360479831696 34
1716734943840 0.006211180239915848 35
1716734946687 0.02484472095966339 36
1716734949487 0.02484472095966339 37
1716734952425 0.02484472095966339 38
1716734955304 0.03105590119957924 39
1716734958089 0.03726708143949509 40
1716734960849 0.03726708143949509 41
1716734963710 0.05590062215924263 42
1716734966484 0.043478261679410934 43
1716734969273 0.03105590119957924 44
1716734972204 0.07453416287899017 45
1716734974984 0.05590062215924263 46
1716734977738 0.06832297891378403 47
1716734980496 0.09937888383865356 48
1716734983387 0.11180124431848526 49
1716734986173 0.09937888383865356 50
1716734988961 0.09316769987344742 51
1716734991717 0.09937888383865356 52
1716734994629 0.11801242083311081 53
1716734997528 0.08695652335882187 54
1716735000274 0.12422360479831696 55
1716735003276 0.12422360479831696 56
1716735006079 0.13664595782756805 57
1716735008850 0.1428571492433548 58
1716735011883 0.14906832575798035 59
1716735014732 0.14906832575798035 60
1716735017546 0.12422360479831696 61
1716735020326 0.13664595782756805 62
1716735023240 0.1677018702030182 63
1716735026058 0.1677018702030182 64
1716735028971 0.12422360479831696 65
1716735031993 0.22360248863697052 66
1716735034809 0.1428571492433548 67
1716735037618 0.1677018702030182 68
1716735040414 0.19254659116268158 69
1716735043695 0.1677018702030182 70
1716735046826 0.14906832575798035 71
1716735049916 0.1801242232322693 72
1716735052867 0.1552795022726059 73
1716735055896 0.21739129722118378 74
1716735058763 0.18633539974689484 75
1716735061596 0.1677018702030182 76
1716735064623 0.1304347813129425 77
1716735067653 0.1677018702030182 78
