1716734843656 948966.0 0
1716734846801 1036235.0 1
1716734849829 1036779.0 2
1716734852771 1036835.0 3
1716734855592 1036891.0 4
1716734858482 1036891.0 5
1716734861279 1036891.0 6
1716734864065 1036891.0 7
1716734866826 1036891.0 8
1716734869692 1036891.0 9
1716734872453 1036891.0 10
1716734875230 1036891.0 11
1716734878148 1036891.0 12
1716734880904 1036891.0 13
1716734883670 1036891.0 14
1716734886530 1036891.0 15
1716734889304 1036891.0 16
1716734892273 1036891.0 17
1716734895168 1036891.0 18
1716734897948 1036891.0 19
1716734900725 1036891.0 20
1716734903500 1036891.0 21
1716734906336 1036891.0 22
1716734909113 1036891.0 23
1716734911908 1036891.0 24
1716734914801 1036891.0 25
1716734917557 1036891.0 26
1716734920318 1036891.0 27
1716734923230 1036890.0 28
1716734926031 1036890.0 29
1716734928838 1036891.0 30
1716734931698 1036891.0 31
1716734934493 1036891.0 32
1716734937628 1036891.0 33
1716734940834 1036891.0 34
1716734943840 1036889.0 35
1716734946687 1036891.0 36
1716734949487 1036889.0 37
1716734952425 1036887.0 38
1716734955304 1036889.0 39
1716734958089 1036887.0 40
1716734960849 1036890.0 41
1716734963710 1036888.0 42
1716734966484 1036890.0 43
1716734969273 1036890.0 44
1716734972204 1036889.0 45
1716734974984 1036887.0 46
1716734977738 1036888.0 47
1716734980496 1036883.0 48
1716734983387 1036884.0 49
1716734986173 1036884.0 50
1716734988961 1036883.0 51
1716734991717 1036882.0 52
1716734994629 1036884.0 53
1716734997528 1036880.0 54
1716735000274 1036887.0 55
1716735003276 1036883.0 56
1716735006079 1036876.0 57
1716735008850 1036873.0 58
1716735011883 1036882.0 59
1716735014732 1036880.0 60
1716735017546 1036880.0 61
1716735020326 1036886.0 62
1716735023240 1036882.0 63
1716735026058 1036879.0 64
1716735028971 1036881.0 65
1716735031993 1036880.0 66
1716735034809 1036879.0 67
1716735037618 1036880.0 68
1716735040414 1036877.0 69
1716735043695 1036875.0 70
1716735046826 1036881.0 71
1716735049916 1036877.0 72
1716735052867 1036879.0 73
1716735055896 1036876.0 74
1716735058763 1036881.0 75
1716735061596 1036878.0 76
1716735064623 1036876.0 77
1716735067653 1036874.0 78
