1726850292559 0.9991499185562134 0
1726850306304 0.9995719194412231 1
1726850321798 0.9997144937515259 2
1726850340032 0.999737560749054 3
1726850358140 0.9997466206550598 4
1726850376724 0.9997768998146057 5
1726850395495 0.9997645020484924 6
1726850413622 0.9997907876968384 7
1726850431293 0.9997965693473816 8
1726850449411 0.9997986555099487 9
1726850469259 0.9998168349266052 10
1726850490107 0.9998140931129456 11
1726850509383 0.9998341202735901 12
1726850525082 0.9998220205307007 13
1726850540999 0.9998331665992737 14
1726850555379 0.9998446702957153 15
1726850569213 0.9998583197593689 16
1726850583930 0.9998546838760376 17
1726850602482 0.9998628497123718 18
1726850621638 0.9998655915260315 19
1726850638593 0.9998762011528015 20
1726850656653 0.9998707175254822 21
1726850676267 0.9998728632926941 22
1726850697642 0.9998734593391418 23
1726850718953 0.9998867511749268 24
1726850738529 0.9998770952224731 25
1726850758327 0.9998937249183655 26
1726850779250 0.9998928308486938 27
1726850800019 0.9998874068260193 28
1726850814882 0.9998995065689087 29
1726850829689 0.9998970627784729 30
1726850845638 0.9999009966850281 31
1726850861254 0.9999018907546997 32
1726850876013 0.9999052286148071 33
1726850892184 0.9999061822891235 34
1726850908649 0.999905526638031 35
1726850927044 0.9999064803123474 36
1726850946018 0.9999018907546997 37
1726850964070 0.9999136924743652 38
1726850980872 0.9999067783355713 39
1726850998721 0.9999110102653503 40
1726851016032 0.9999152421951294 41
1726851035618 0.9999113082885742 42
1726851057374 0.9999158382415771 43
1726851076283 0.9999136924743652 44
1726851093460 0.9999127984046936 45
1726851108613 0.9999179840087891 46
1726851123715 0.9999216198921204 47
1726851131813 0.9999018907546997 48
