1726850292559 0.8787254691123962 0
1726850306304 0.9750247597694397 1
1726850321798 0.9775159358978271 2
1726850340032 0.9783914089202881 3
1726850358140 0.977531909942627 4
1726850376724 0.9861254692077637 5
1726850395495 0.9881808757781982 6
1726850413622 0.9897308349609375 7
1726850431293 0.9911144375801086 8
1726850449411 0.99216228723526 9
1726850469259 0.992507815361023 10
1726850490107 0.9918167591094971 11
1726850509383 0.9935469627380371 12
1726850525082 0.9928602576255798 13
1726850540999 0.9930310249328613 14
1726850555379 0.9928606152534485 15
1726850569213 0.9923525452613831 16
1726850583930 0.9930440783500671 17
1726850602482 0.9926989674568176 18
1726850621638 0.9932218194007874 19
1726850638593 0.9932229518890381 20
1726850656653 0.9930515885353088 21
1726850676267 0.9939150810241699 22
1726850697642 0.9923613667488098 23
1726850718953 0.9932316541671753 24
1726850738529 0.9927055835723877 25
1726850758327 0.9928852319717407 26
1726850779250 0.9928852915763855 27
1726850800019 0.993231475353241 28
1726850814882 0.9947908520698547 29
1726850829689 0.993755042552948 30
1726850845638 0.9946142435073853 31
1726850861254 0.9939260482788086 32
1726850876013 0.9940993785858154 33
1726850892184 0.9932432770729065 34
1726850908649 0.9935864210128784 35
1726850927044 0.9946243762969971 36
1726850946018 0.9942814707756042 37
1726850964070 0.9951427578926086 38
1726850980872 0.9946275949478149 39
1726850998721 0.9942817687988281 40
1726851016032 0.9953187108039856 41
1726851035618 0.9942817687988281 42
1726851057374 0.9944555759429932 43
1726851076283 0.9946295022964478 44
1726851093460 0.9944566488265991 45
1726851108613 0.9942864775657654 46
1726851123715 0.9958385825157166 47
1726851131813 0.9942814707756042 48
