1726850292559 0.0037942470517009497 0
1726850306304 0.0014408264541998506 1
1726850321798 0.0011069822357967496 2
1726850340032 0.000978990225121379 3
1726850358140 0.0009214201127178967 4
1726850376724 0.0008309135446324944 5
1726850395495 0.0008161402656696737 6
1726850413622 0.000742354488465935 7
1726850431293 0.0007040880736894906 8
1726850449411 0.0006651354487985373 9
1726850469259 0.000641160411760211 10
1726850490107 0.0006321020191535354 11
1726850509383 0.0005920252297073603 12
1726850525082 0.0005837010685354471 13
1726850540999 0.0005627326318062842 14
1726850555379 0.0005453077610582113 15
1726850569213 0.0005105994641780853 16
1726850583930 0.0005100794369354844 17
1726850602482 0.0004935271572321653 18
1726850621638 0.0004800272872671485 19
1726850638593 0.0004667225875891745 20
1726850656653 0.00046908273361623287 21
1726850676267 0.00044546619756147265 22
1726850697642 0.000463730248156935 23
1726850718953 0.00042232705163769424 24
1726850738529 0.0004624503490049392 25
1726850758327 0.00041086439159698784 26
1726850779250 0.00041761802276596427 27
1726850800019 0.00041775210411287844 28
1726850814882 0.00038725967169739306 29
1726850829689 0.0003902679309248924 30
1726850845638 0.0003973632992710918 31
1726850861254 0.000397543451981619 32
1726850876013 0.00039301838842220604 33
1726850892184 0.0003660936199594289 34
1726850908649 0.00037668109871447086 35
1726850927044 0.00035732670221477747 36
1726850946018 0.0003491883398965001 37
1726850964070 0.0003420233551878482 38
1726850980872 0.00034871886600740254 39
1726850998721 0.0003405173774808645 40
1726851016032 0.0003228474815841764 41
1726851035618 0.0003440714499447495 42
1726851057374 0.0003273460315540433 43
1726851076283 0.00033391505712643266 44
1726851093460 0.00033119996078312397 45
1726851108613 0.0003139179025311023 46
1726851123715 0.0003064428165089339 47
1726851131813 0.0003491883398965001 48
