1726850292559 0.0007622232660651207 0
1726850306304 0.00033210142282769084 1
1726850321798 0.00023267629148904234 2
1726850340032 0.00020924932323396206 3
1726850358140 0.00020120282715652138 4
1726850376724 0.00018155528232455254 5
1726850395495 0.00018650645506568253 6
1726850413622 0.00016923253133427352 7
1726850431293 0.0001611305051483214 8
1726850449411 0.00015953535330481827 9
1726850469259 0.00014665293565485626 10
1726850490107 0.00014597356494050473 11
1726850509383 0.00013195672363508493 12
1726850525082 0.0001392701524309814 13
1726850540999 0.00013007756206206977 14
1726850555379 0.00012285483535379171 15
1726850569213 0.00011514045763760805 16
1726850583930 0.00011573097435757518 17
1726850602482 0.00011070528853451833 18
1726850621638 0.00010808918159455061 19
1726850638593 0.00010343314352212474 20
1726850656653 0.0001046350080287084 21
1726850676267 0.00010056608880404383 22
1726850697642 0.00010218155512120575 23
1726850718953 9.255992335965857e-05 24
1726850738529 9.939960727933794e-05 25
1726850758327 8.894414349924773e-05 26
1726850779250 8.7894091848284e-05 27
1726850800019 9.25092026591301e-05 28
1726850814882 8.344601519638672e-05 29
1726850829689 8.57641571201384e-05 30
1726850845638 8.476765651721507e-05 31
1726850861254 8.556678221793845e-05 32
1726850876013 8.398313366342336e-05 33
1726850892184 7.987100980244577e-05 34
1726850908649 8.131394133670256e-05 35
1726850927044 7.779076986480504e-05 36
1726850946018 7.880422344896942e-05 37
1726850964070 7.477773033315316e-05 38
1726850980872 7.773752440698445e-05 39
1726850998721 7.372035179287195e-05 40
1726851016032 7.28395243640989e-05 41
1726851035618 7.488769188057631e-05 42
1726851057374 7.117964560166001e-05 43
1726851076283 7.133057806640863e-05 44
1726851093460 7.410340913338587e-05 45
1726851108613 6.772871711291373e-05 46
1726851123715 6.765854777768254e-05 47
1726851131813 7.880422344896942e-05 48
