1726850292559 2516.0 0
1726850306304 1013.0 1
1726850321798 663.0 2
1726850340032 606.0 3
1726850358140 581.0 4
1726850376724 500.0 5
1726850395495 532.0 6
1726850413622 468.0 7
1726850431293 449.0 8
1726850449411 436.0 9
1726850469259 404.0 10
1726850490107 414.0 11
1726850509383 366.0 12
1726850525082 385.0 13
1726850540999 362.0 14
1726850555379 338.0 15
1726850569213 302.0 16
1726850583930 311.0 17
1726850602482 298.0 18
1726850621638 284.0 19
1726850638593 260.0 20
1726850656653 267.0 21
1726850676267 268.0 22
1726850697642 270.0 23
1726850718953 239.0 24
1726850738529 262.0 25
1726850758327 219.0 26
1726850779250 230.0 27
1726850800019 240.0 28
1726850814882 216.0 29
1726850829689 217.0 30
1726850845638 207.0 31
1726850861254 205.0 32
1726850876013 203.0 33
1726850892184 200.0 34
1726850908649 197.0 35
1726850927044 204.0 36
1726850946018 211.0 37
1726850964070 182.0 38
1726850980872 194.0 39
1726850998721 186.0 40
1726851016032 180.0 41
1726851035618 190.0 42
1726851057374 180.0 43
1726851076283 189.0 44
1726851093460 195.0 45
1726851108613 175.0 46
1726851123715 163.0 47
1726851131813 211.0 48
