1726850292559 292.0 0
1726850306304 401.0 1
1726850321798 280.0 2
1726850340032 261.0 3
1726850358140 256.0 4
1726850376724 237.0 5
1726850395495 246.0 6
1726850413622 223.0 7
1726850431293 223.0 8
1726850449411 229.0 9
1726850469259 201.0 10
1726850490107 200.0 11
1726850509383 182.0 12
1726850525082 203.0 13
1726850540999 189.0 14
1726850555379 175.0 15
1726850569213 166.0 16
1726850583930 169.0 17
1726850602482 155.0 18
1726850621638 160.0 19
1726850638593 149.0 20
1726850656653 160.0 21
1726850676267 152.0 22
1726850697642 148.0 23
1726850718953 135.0 24
1726850738529 144.0 25
1726850758327 132.0 26
1726850779250 124.0 27
1726850800019 132.0 28
1726850814882 116.0 29
1726850829689 123.0 30
1726850845638 120.0 31
1726850861254 119.0 32
1726850876013 110.0 33
1726850892184 110.0 34
1726850908649 115.0 35
1726850927044 105.0 36
1726850946018 113.0 37
1726850964070 103.0 38
1726850980872 114.0 39
1726850998721 108.0 40
1726851016032 100.0 41
1726851035618 103.0 42
1726851057374 98.0 43
1726851076283 96.0 44
1726851093460 93.0 45
1726851108613 96.0 46
1726851123715 96.0 47
1726851131813 113.0 48
