1726850292559 0.23671922087669373 0
1726850306304 0.8014398217201233 1
1726850321798 0.8602802157402039 2
1726850340032 0.8790673017501831 3
1726850358140 0.8817763924598694 4
1726850376724 0.8986755609512329 5
1726850395495 0.8982638120651245 6
1726850413622 0.9116132855415344 7
1726850431293 0.9162772297859192 8
1726850449411 0.9228174090385437 9
1726850469259 0.9265617728233337 10
1726850490107 0.9283284544944763 11
1726850509383 0.9321616888046265 12
1726850525082 0.9365324974060059 13
1726850540999 0.937508761882782 14
1726850555379 0.9368566274642944 15
1726850569213 0.9451520442962646 16
1726850583930 0.9464355707168579 17
1726850602482 0.9486470222473145 18
1726850621638 0.9508100152015686 19
1726850638593 0.9543441534042358 20
1726850656653 0.9544486999511719 21
1726850676267 0.9587899446487427 22
1726850697642 0.952197790145874 23
1726850718953 0.9597543478012085 24
1726850738529 0.9552242755889893 25
1726850758327 0.9610342979431152 26
1726850779250 0.9598327875137329 27
1726850800019 0.9601027369499207 28
1726850814882 0.9661778211593628 29
1726850829689 0.9661572575569153 30
1726850845638 0.9649820327758789 31
1726850861254 0.964632511138916 32
1726850876013 0.9641294479370117 33
1726850892184 0.9686400890350342 34
1726850908649 0.96821528673172 35
1726850927044 0.9708434343338013 36
1726850946018 0.9713449478149414 37
1726850964070 0.9724572896957397 38
1726850980872 0.972235918045044 39
1726850998721 0.9725193977355957 40
1726851016032 0.97529137134552 41
1726851035618 0.9717665314674377 42
1726851057374 0.9734465479850769 43
1726851076283 0.9745012521743774 44
1726851093460 0.9724177122116089 45
1726851108613 0.9751360416412354 46
1726851123715 0.9761043787002563 47
1726851131813 0.9713449478149414 48
