1726850292559 0.5674074292182922 0
1726850306304 0.824661135673523 1
1726850321798 0.8887122273445129 2
1726850340032 0.8978073596954346 3
1726850358140 0.9005439281463623 4
1726850376724 0.9100910425186157 5
1726850395495 0.9058553576469421 6
1726850413622 0.9159758687019348 7
1726850431293 0.916573166847229 8
1726850449411 0.9149331450462341 9
1726850469259 0.9254450798034668 10
1726850490107 0.9255120754241943 11
1726850509383 0.9329649806022644 12
1726850525082 0.9252852201461792 13
1726850540999 0.9306676387786865 14
1726850555379 0.9360380172729492 15
1726850569213 0.9399203658103943 16
1726850583930 0.9387015104293823 17
1726850602482 0.9437590837478638 18
1726850621638 0.9423423409461975 19
1726850638593 0.9465566873550415 20
1726850656653 0.9426934123039246 21
1726850676267 0.9453826546669006 22
1726850697642 0.9467051029205322 23
1726850718953 0.951699435710907 24
1726850738529 0.9482200741767883 25
1726850758327 0.9530583024024963 26
1726850779250 0.955603301525116 27
1726850800019 0.9527051448822021 28
1726850814882 0.9585566520690918 29
1726850829689 0.9561497569084167 30
1726850845638 0.9573257565498352 31
1726850861254 0.9576964378356934 32
1726850876013 0.9607982635498047 33
1726850892184 0.9608401656150818 34
1726850908649 0.9591764211654663 35
1726850927044 0.9624999761581421 36
1726850946018 0.9596572518348694 37
1726850964070 0.9634751677513123 38
1726850980872 0.9595601558685303 39
1726850998721 0.9617156982421875 40
1726851016032 0.9645264148712158 41
1726851035618 0.9633712768554688 42
1726851057374 0.9652112126350403 43
1726851076283 0.9657875895500183 44
1726851093460 0.9667500853538513 45
1726851108613 0.9659574627876282 46
1726851123715 0.9661017060279846 47
1726851131813 0.9596572518348694 48
