1726850292559 0.13211452960968018 0
1726850306304 0.6505691409111023 1
1726850321798 0.7713004350662231 2
1726850340032 0.7909623980522156 3
1726850358140 0.7995860576629639 4
1726850376724 0.8275267481803894 5
1726850395495 0.8164884448051453 6
1726850413622 0.8385650515556335 7
1726850431293 0.8451189994812012 8
1726850449411 0.8496032953262329 9
1726850469259 0.860641598701477 10
1726850490107 0.8571921586990356 11
1726850509383 0.8737495541572571 12
1726850525082 0.8671956062316895 13
1726850540999 0.8751293420791626 14
1726850555379 0.8834080696105957 15
1726850569213 0.8958261609077454 16
1726850583930 0.8927216529846191 17
1726850602482 0.8972059488296509 18
1726850621638 0.9020351767539978 19
1726850638593 0.9103139042854309 20
1726850656653 0.9078992605209351 21
1726850676267 0.9075543284416199 22
1726850697642 0.9068644642829895 23
1726850718953 0.9175577759742737 24
1726850738529 0.9096239805221558 25
1726850758327 0.9244567155838013 26
1726850779250 0.9206622838973999 27
1726850800019 0.9172128438949585 28
1726850814882 0.9254915714263916 29
1726850829689 0.9251465797424316 30
1726850845638 0.9285960793495178 31
1726850861254 0.9292859435081482 32
1726850876013 0.9299758672714233 33
1726850892184 0.9310107231140137 34
1726850908649 0.9320455193519592 35
1726850927044 0.9296309351921082 36
1726850946018 0.9272162914276123 37
1726850964070 0.9372197389602661 38
1726850980872 0.9330803751945496 39
1726850998721 0.9358399510383606 40
1726851016032 0.9379096031188965 41
1726851035618 0.9344601631164551 42
1726851057374 0.9379096031188965 43
1726851076283 0.9348050951957703 44
1726851093460 0.9327354431152344 45
1726851108613 0.939634382724762 46
1726851123715 0.9437736868858337 47
1726851131813 0.9272162914276123 48
