1726850292559 3300056.0 0
1726850306304 3299947.0 1
1726850321798 3300068.0 2
1726850340032 3300087.0 3
1726850358140 3300092.0 4
1726850376724 3300111.0 5
1726850395495 3300102.0 6
1726850413622 3300125.0 7
1726850431293 3300125.0 8
1726850449411 3300119.0 9
1726850469259 3300147.0 10
1726850490107 3300148.0 11
1726850509383 3300166.0 12
1726850525082 3300145.0 13
1726850540999 3300159.0 14
1726850555379 3300173.0 15
1726850569213 3300182.0 16
1726850583930 3300179.0 17
1726850602482 3300193.0 18
1726850621638 3300188.0 19
1726850638593 3300199.0 20
1726850656653 3300188.0 21
1726850676267 3300196.0 22
1726850697642 3300200.0 23
1726850718953 3300213.0 24
1726850738529 3300204.0 25
1726850758327 3300216.0 26
1726850779250 3300224.0 27
1726850800019 3300216.0 28
1726850814882 3300232.0 29
1726850829689 3300225.0 30
1726850845638 3300228.0 31
1726850861254 3300229.0 32
1726850876013 3300238.0 33
1726850892184 3300238.0 34
1726850908649 3300233.0 35
1726850927044 3300243.0 36
1726850946018 3300235.0 37
1726850964070 3300245.0 38
1726850980872 3300234.0 39
1726850998721 3300240.0 40
1726851016032 3300248.0 41
1726851035618 3300245.0 42
1726851057374 3300250.0 43
1726851076283 3300252.0 44
1726851093460 3300255.0 45
1726851108613 3300252.0 46
1726851123715 3300252.0 47
1726851131813 3300235.0 48
