1726850292559 383.0 0
1726850306304 1886.0 1
1726850321798 2236.0 2
1726850340032 2293.0 3
1726850358140 2318.0 4
1726850376724 2399.0 5
1726850395495 2367.0 6
1726850413622 2431.0 7
1726850431293 2450.0 8
1726850449411 2463.0 9
1726850469259 2495.0 10
1726850490107 2485.0 11
1726850509383 2533.0 12
1726850525082 2514.0 13
1726850540999 2537.0 14
1726850555379 2561.0 15
1726850569213 2597.0 16
1726850583930 2588.0 17
1726850602482 2601.0 18
1726850621638 2615.0 19
1726850638593 2639.0 20
1726850656653 2632.0 21
1726850676267 2631.0 22
1726850697642 2629.0 23
1726850718953 2660.0 24
1726850738529 2637.0 25
1726850758327 2680.0 26
1726850779250 2669.0 27
1726850800019 2659.0 28
1726850814882 2683.0 29
1726850829689 2682.0 30
1726850845638 2692.0 31
1726850861254 2694.0 32
1726850876013 2696.0 33
1726850892184 2699.0 34
1726850908649 2702.0 35
1726850927044 2695.0 36
1726850946018 2688.0 37
1726850964070 2717.0 38
1726850980872 2705.0 39
1726850998721 2713.0 40
1726851016032 2719.0 41
1726851035618 2709.0 42
1726851057374 2719.0 43
1726851076283 2710.0 44
1726851093460 2704.0 45
1726851108613 2724.0 46
1726851123715 2736.0 47
1726851131813 2688.0 48
