1717399418444 0.004398779012262821 0
1717399427672 0.001944519579410553 1
1717399436539 0.0013465362135320902 2
1717399445645 0.001203296473249793 3
1717399454626 0.0010956425685435534 4
1717399463333 0.001017913455143571 5
1717399472112 0.000947348540648818 6
1717399481003 0.0009058789582923055 7
1717399489863 0.0009089351515285671 8
1717399498400 0.0008766658138483763 9
1717399506927 0.000822601024992764 10
1717399515346 0.000804365670774132 11
1717399523732 0.0007925268146209419 12
1717399532175 0.0008329194970428944 13
1717399540571 0.0008027004660107195 14
1717399549088 0.0007868222892284393 15
1717399557589 0.0007730700890533626 16
1717399566150 0.0007711894577369094 17
1717399574724 0.0007681321003474295 18
1717399583302 0.0007684912416152656 19
1717399592003 0.0007635836373083293 20
1717399600576 0.000758016190957278 21
1717399609642 0.0007573536131531 22
1717399619270 0.0007539952639490366 23
1717399628710 0.0007634962676092982 24
1717399639471 0.0007397873559966683 25
1717399648489 0.000706285412888974 26
1717399657330 0.0007417479646392167 27
1717399666343 0.0007167632575146854 28
1717399675327 0.0007397009758278728 29
1717399684375 0.000747505109757185 30
1717399693437 0.000693649344611913 31
1717399702319 0.0007177631487138569 32
1717399711222 0.0007344866171479225 33
1717399720148 0.000724585959687829 34
1717399729290 0.0006926296046003699 35
1717399738388 0.0006924830959178507 36
1717399747469 0.0006932829273864627 37
1717399756280 0.0007370978128165007 38
1717399765531 0.0006961615290492773 39
1717399774517 0.0007111556478776038 40
1717399783491 0.0007047513499855995 41
1717399792108 0.0006754504283890128 42
1717399800861 0.0006883426103740931 43
1717399809486 0.0006908986251801252 44
1717399818217 0.0006918899598531425 45
1717399826893 0.0006836855900473893 46
1717399835620 0.0007066943217068911 47
1717399844324 0.0006988687091507018 48
1717399853007 0.00070516939740628 49
1717399861735 0.0007069541607052088 50
1717399870505 0.0006845405441708863 51
1717399879449 0.0006628296105191112 52
1717399888253 0.0006870157667435706 53
1717399897100 0.0006456964183598757 54
1717399907040 0.0006653172895312309 55
1717399917094 0.0006876105326227844 56
1717399926153 0.0006717476062476635 57
1717399934141 0.0006719421944580972 58
1717399942385 0.0006523804622702301 59
1717399950512 0.0006540449685417116 60
1717400150477 0.000640976068098098 61
1717400159361 0.0006729686283506453 62
1717400167860 0.0006390005582943559 63
1717400176335 0.0006529294769279659 64
1717400184960 0.0006551362457685173 65
1717400193276 0.0006553321145474911 66
1717400201794 0.0006456169649027288 67
1717400210221 0.0006586798699572682 68
1717400218684 0.0006471056258305907 69
1717400226992 0.0006452202796936035 70
