1717399418444 0.13055111467838287 0
1717399427672 0.6866828799247742 1
1717399436539 0.8317581415176392 2
1717399445645 0.852004885673523 3
1717399454626 0.8684184551239014 4
1717399463333 0.8757604956626892 5
1717399472112 0.8852957487106323 6
1717399481003 0.8909406661987305 7
1717399489863 0.8899551630020142 8
1717399498400 0.8934340476989746 9
1717399506927 0.9001756310462952 10
1717399515346 0.9045578837394714 11
1717399523732 0.9068627953529358 12
1717399532175 0.8964794278144836 13
1717399540571 0.9007744789123535 14
1717399549088 0.9074745774269104 15
1717399557589 0.9087241888046265 16
1717399566150 0.9101536273956299 17
1717399574724 0.9075755476951599 18
1717399583302 0.9086415767669678 19
1717399592003 0.909011960029602 20
1717399600576 0.9153528809547424 21
1717399609642 0.910882830619812 22
1717399619270 0.9123425483703613 23
1717399628710 0.9124337434768677 24
1717399639471 0.9125934839248657 25
1717399648489 0.9215685129165649 26
1717399657330 0.9132044315338135 27
1717399666343 0.9155468940734863 28
1717399675327 0.914700448513031 29
1717399684375 0.913851797580719 30
1717399693437 0.919205904006958 31
1717399702319 0.9172725677490234 32
1717399711222 0.9143892526626587 33
1717399720148 0.9164241552352905 34
1717399729290 0.9221639633178711 35
1717399738388 0.9179366230964661 36
1717399747469 0.9209489822387695 37
1717399756280 0.9128627777099609 38
1717399765531 0.9236721396446228 39
1717399774517 0.9223423600196838 40
1717399783491 0.9217739105224609 41
1717399792108 0.9231375455856323 42
1717399800861 0.9239230751991272 43
1717399809486 0.923635721206665 44
1717399818217 0.9272333979606628 45
1717399826893 0.9236587285995483 46
1717399835620 0.9187505841255188 47
1717399844324 0.9201878309249878 48
1717399853007 0.9216852784156799 49
1717399861735 0.920617938041687 50
1717399870505 0.9236713647842407 51
1717399879449 0.927686333656311 52
1717399888253 0.9226030707359314 53
1717399897100 0.9273519515991211 54
1717399907040 0.9259731769561768 55
1717399917094 0.9224414229393005 56
1717399926153 0.9264612793922424 57
1717399934141 0.9248911738395691 58
1717399942385 0.9291462898254395 59
1717399950512 0.9279589653015137 60
1717400150477 0.9308052062988281 61
1717400159361 0.9270162582397461 62
1717400167860 0.9313748478889465 63
1717400176335 0.9288837909698486 64
1717400184960 0.9312496185302734 65
1717400193276 0.9265225529670715 66
1717400201794 0.9302332401275635 67
1717400210221 0.9272160530090332 68
1717400218684 0.9290194511413574 69
1717400226992 0.9300349950790405 70
