1717399418444 0.40506330132484436 0
1717399427672 0.7802863717079163 1
1717399436539 0.8645161390304565 2
1717399445645 0.8874388337135315 3
1717399454626 0.893071711063385 4
1717399463333 0.9027668237686157 5
1717399472112 0.9095556139945984 6
1717399481003 0.9143635630607605 7
1717399489863 0.9068589210510254 8
1717399498400 0.9097598791122437 9
1717399506927 0.917212188243866 10
1717399515346 0.9152868986129761 11
1717399523732 0.919571042060852 12
1717399532175 0.9214396476745605 13
1717399540571 0.9130268096923828 14
1717399549088 0.9179884195327759 15
1717399557589 0.9225162863731384 16
1717399566150 0.9240214824676514 17
1717399574724 0.9227237701416016 18
1717399583302 0.9213266372680664 19
1717399592003 0.9235203862190247 20
1717399600576 0.921508252620697 21
1717399609642 0.9221879839897156 22
1717399619270 0.9293163418769836 23
1717399628710 0.9253385066986084 24
1717399639471 0.9247229695320129 25
1717399648489 0.9271623492240906 26
1717399657330 0.9266335368156433 27
1717399666343 0.9314963817596436 28
1717399675327 0.9278075098991394 29
1717399684375 0.9269877672195435 30
1717399693437 0.9279245138168335 31
1717399702319 0.9358288645744324 32
1717399711222 0.9277799129486084 33
1717399720148 0.9306930899620056 34
1717399729290 0.9313123822212219 35
1717399738388 0.9368821382522583 36
1717399747469 0.9336637258529663 37
1717399756280 0.931475043296814 38
1717399765531 0.9296097755432129 39
1717399774517 0.9325457215309143 40
1717399783491 0.9340786337852478 41
1717399792108 0.938876211643219 42
1717399800861 0.9308651089668274 43
1717399809486 0.9296635985374451 44
1717399818217 0.9405487775802612 45
1717399826893 0.9367619156837463 46
1717399835620 0.9281620383262634 47
1717399844324 0.9358288645744324 48
1717399853007 0.9376210570335388 49
1717399861735 0.933282196521759 50
1717399870505 0.9338151216506958 51
1717399879449 0.9345192909240723 52
1717399888253 0.9339123964309692 53
1717399897100 0.9390708208084106 54
1717399907040 0.938046395778656 55
1717399917094 0.9353857636451721 56
1717399926153 0.9368821382522583 57
1717399934141 0.9393361210823059 58
1717399942385 0.9382150769233704 59
1717399950512 0.9417769312858582 60
1717400150477 0.9413101077079773 61
1717400159361 0.9396946430206299 62
1717400167860 0.9379756450653076 63
1717400176335 0.9409314393997192 64
1717400184960 0.9386666417121887 65
1717400193276 0.9386432766914368 66
1717400201794 0.9393019676208496 67
1717400210221 0.9419795274734497 68
1717400218684 0.9407745003700256 69
1717400226992 0.9433106780052185 70
