1717398910510 2871.0 0
1717398919149 2326.0 1
1717398928083 1371.0 2
1717398936405 948.0 3
1717398945043 769.0 4
1717398954378 694.0 5
1717398963069 683.0 6
1717398971132 652.0 7
1717398979407 630.0 8
1717398987690 613.0 9
1717398996010 588.0 10
1717399004221 536.0 11
1717399013200 565.0 12
1717399021559 545.0 13
1717399029693 570.0 14
1717399038195 566.0 15
1717399046690 561.0 16
1717399055399 505.0 17
1717399064092 506.0 18
1717399074129 493.0 19
1717399083138 510.0 20
1717399092818 500.0 21
1717399101758 499.0 22
1717399110692 486.0 23
1717399119295 509.0 24
1717399127968 523.0 25
1717399136784 494.0 26
1717399145322 486.0 27
1717399153829 457.0 28
1717399161969 487.0 29
1717399170224 481.0 30
1717399178554 465.0 31
1717399186922 469.0 32
1717399195208 450.0 33
1717399203605 474.0 34
1717399211938 486.0 35
1717399220216 480.0 36
1717399228489 458.0 37
1717399236791 480.0 38
