1717398910510 0.05312497168779373 0
1717398919149 0.3813123106956482 1
1717398928083 0.7341029047966003 2
1717398936405 0.8195085525512695 3
1717398945043 0.8483222723007202 4
1717398954378 0.8640240430831909 5
1717398963069 0.8655672073364258 6
1717398971132 0.8780795335769653 7
1717398979407 0.8757251501083374 8
1717398987690 0.8873485326766968 9
1717398996010 0.8801074624061584 10
1717399004221 0.8875517845153809 11
1717399013200 0.8975394368171692 12
1717399021559 0.8971686363220215 13
1717399029693 0.8946835994720459 14
1717399038195 0.895789623260498 15
1717399046690 0.9014955759048462 16
1717399055399 0.8982865810394287 17
1717399064092 0.9030105471611023 18
1717399074129 0.9017437696456909 19
1717399083138 0.9001598358154297 20
1717399092818 0.9028984308242798 21
1717399101758 0.9059323072433472 22
1717399110692 0.9084219336509705 23
1717399119295 0.9081942439079285 24
1717399127968 0.9025793075561523 25
1717399136784 0.9097810387611389 26
1717399145322 0.9133961200714111 27
1717399153829 0.9089928865432739 28
1717399161969 0.9085898399353027 29
1717399170224 0.9140554666519165 30
1717399178554 0.9125279784202576 31
1717399186922 0.9137149453163147 32
1717399195208 0.9165813326835632 33
1717399203605 0.9125593900680542 34
1717399211938 0.9163092374801636 35
1717399220216 0.9138110876083374 36
1717399228489 0.9184283018112183 37
1717399236791 0.9143610000610352 38
