1717398910510 0.21374045312404633 0
1717398919149 0.6187905073165894 1
1717398928083 0.8254997134208679 2
1717398936405 0.8617491126060486 3
1717398945043 0.8765432238578796 4
1717398954378 0.8887545466423035 5
1717398963069 0.8928283452987671 6
1717398971132 0.9013237357139587 7
1717398979407 0.9003968238830566 8
1717398987690 0.9064234495162964 9
1717398996010 0.9076983332633972 10
1717399004221 0.9095457792282104 11
1717399013200 0.9110070466995239 12
1717399021559 0.9113433957099915 13
1717399029693 0.912617564201355 14
1717399038195 0.9077820777893066 15
1717399046690 0.9165033102035522 16
1717399055399 0.9085388779640198 17
1717399064092 0.9158055782318115 18
1717399074129 0.9155251383781433 19
1717399083138 0.9181398749351501 20
1717399092818 0.9181017875671387 21
1717399101758 0.9181331396102905 22
1717399110692 0.9213440418243408 23
1717399119295 0.9178187251091003 24
1717399127968 0.915959894657135 25
1717399136784 0.9193425178527832 26
1717399145322 0.9199389815330505 27
1717399153829 0.9242997765541077 28
1717399161969 0.9174591302871704 29
1717399170224 0.9200913310050964 30
1717399178554 0.9212717413902283 31
1717399186922 0.9236031770706177 32
1717399195208 0.9231058955192566 33
1717399203605 0.9217028021812439 34
1717399211938 0.9188880324363708 35
1717399220216 0.921875 36
1717399228489 0.9232223629951477 37
1717399236791 0.9183750748634338 38
