1717162022456 0.9903727769851685 0
1717162031412 0.9991223812103271 1
1717162040144 0.9991223812103271 2
1717162048633 0.9991223812103271 3
1717162057962 0.9991223812103271 4
1717162066780 0.9991223812103271 5
1717162075388 0.9991223812103271 6
1717162084677 0.9991223812103271 7
1717162094005 0.9991223812103271 8
1717162102692 0.9991223812103271 9
1717162111624 0.9991223812103271 10
1717162120284 0.9991223812103271 11
1717162128941 0.9991223812103271 12
1717162137609 0.9991223812103271 13
1717162146366 0.9991223812103271 14
1717162155059 0.9991223812103271 15
