1717162022456 0.517494261264801 0
1717162031412 0.6329805850982666 1
1717162040144 0.7695761322975159 2
1717162048633 0.9169903993606567 3
1717162057962 0.9710733294487 4
1717162066780 0.9795977473258972 5
1717162075388 0.9809603691101074 6
1717162084677 0.9813268780708313 7
1717162094005 0.981254518032074 8
1717162102692 0.9814996719360352 9
1717162111624 0.9820190668106079 10
1717162120284 0.9813998341560364 11
1717162128941 0.9817627668380737 12
1717162137609 0.9812348484992981 13
1717162146366 0.9814241528511047 14
1717162155059 0.981602668762207 15
