1717162022456 0.07118820399045944 0
1717162031412 0.013862617313861847 1
1717162040144 0.008177690207958221 2
1717162048633 0.00528951920568943 3
1717162057962 0.00375488237477839 4
1717162066780 0.0030843939166516066 5
1717162075388 0.0028799583669751883 6
1717162084677 0.0027251620776951313 7
1717162094005 0.002639856655150652 8
1717162102692 0.002556039486080408 9
1717162111624 0.0025136766489595175 10
1717162120284 0.0024913668166846037 11
1717162128941 0.002447986276820302 12
1717162137609 0.002457298571243882 13
1717162146366 0.0024307803250849247 14
1717162155059 0.0024384104181081057 15
