1717162022456 0.016462579369544983 0
1717162031412 0.002073761774227023 1
1717162040144 0.0012629232369363308 2
1717162048633 0.0009610510314814746 3
1717162057962 0.0007954571046866477 4
1717162066780 0.0007159748929552734 5
1717162075388 0.0006942948093637824 6
1717162084677 0.0006732838810421526 7
1717162094005 0.0006527845980599523 8
1717162102692 0.0006346808513626456 9
1717162111624 0.0006236147601157427 10
1717162120284 0.0006109055248089135 11
1717162128941 0.0006011925870552659 12
1717162137609 0.0005992674268782139 13
1717162146366 0.0005962079740129411 14
1717162155059 0.0005919668474234641 15
