1717162022456 0.0008858338696882129 0
1717162031412 0.0018537432188168168 1
1717162040144 0.00681584607809782 2
1717162048633 0.032694898545742035 3
1717162057962 0.12233409285545349 4
1717162066780 0.24454739689826965 5
1717162075388 0.2949976921081543 6
1717162084677 0.32492491602897644 7
1717162094005 0.3400448262691498 8
1717162102692 0.3585754334926605 9
1717162111624 0.3480445146560669 10
1717162120284 0.37121522426605225 11
1717162128941 0.37296006083488464 12
1717162137609 0.3697189390659332 13
1717162146366 0.37497884035110474 14
1717162155059 0.37633398175239563 15
