1722024417347 0.9991411566734314 0
1722024426653 0.9994874596595764 1
1722024437816 0.999617338180542 2
1722024449096 0.999657928943634 3
1722024460815 0.9996854662895203 4
1722024472450 0.9996933341026306 5
1722024482814 0.9997069835662842 6
1722024493154 0.9997069835662842 7
1722024504772 0.9997214674949646 8
1722024518623 0.9997272491455078 9
1722024529925 0.9997366070747375 10
1722024541091 0.9997390508651733 11
1722024552614 0.9997463226318359 12
1722024565382 0.9997475147247314 13
1722024577018 0.9997562766075134 14
1722024587043 0.9997614622116089 15
1722024597465 0.999768078327179 16
1722024608043 0.9997614622116089 17
1722024619215 0.9997714161872864 18
1722024630117 0.9997629523277283 19
1722024642409 0.9997774958610535 20
1722024652979 0.9997856616973877 21
1722024664018 0.9997802376747131 22
1722024675739 0.9997862577438354 23
1722024688488 0.9997878074645996 24
1722024699724 0.9997844696044922 25
1722024710451 0.9997944235801697 26
1722024721404 0.9997929334640503 27
1722024732564 0.9997884035110474 28
1722024744167 0.9998068809509277 29
1722024755755 0.9997932314872742 30
1722024767386 0.9997974634170532 31
1722024780053 0.9998083710670471 32
1722024791704 0.9998050332069397 33
1722024804099 0.9998159408569336 34
1722024816487 0.9998059272766113 35
1722024829184 0.9998038411140442 36
1722024842431 0.9998156428337097 37
1722024854688 0.9998220205307007 38
1722024866913 0.9998065829277039 39
1722024879855 0.9998235106468201 40
1722024892563 0.9998259544372559 41
1722024904877 0.9998220205307007 42
1722024917034 0.9998201727867126 43
1722024930959 0.9998265504837036 44
