1722024417347 0.8056060671806335 0
1722024426653 0.953192412853241 1
1722024437816 0.9616121649742126 2
1722024449096 0.9654347896575928 3
1722024460815 0.9763882756233215 4
1722024472450 0.9818403720855713 5
1722024482814 0.9823328852653503 6
1722024493154 0.9847475290298462 7
1722024504772 0.9859468936920166 8
1722024518623 0.9871602654457092 9
1722024529925 0.9883702993392944 10
1722024541091 0.9890414476394653 11
1722024552614 0.9914588928222656 12
1722024565382 0.9911177158355713 13
1722024577018 0.9921353459358215 14
1722024587043 0.9921402931213379 15
1722024597465 0.9919770359992981 16
1722024608043 0.9924892783164978 17
1722024619215 0.9933463931083679 18
1722024630117 0.9930031895637512 19
1722024642409 0.9930145740509033 20
1722024652979 0.993524432182312 21
1722024664018 0.9921545386314392 22
1722024675739 0.9935464262962341 23
1722024688488 0.9935298562049866 24
1722024699724 0.9930048584938049 25
1722024710451 0.9944111704826355 26
1722024721404 0.9937036633491516 27
1722024732564 0.9931877255439758 28
1722024744167 0.9935439229011536 29
1722024755755 0.9940482378005981 30
1722024767386 0.9935314059257507 31
1722024780053 0.9940724968910217 32
1722024791704 0.9928445219993591 33
1722024804099 0.9940633773803711 34
1722024816487 0.9944052696228027 35
1722024829184 0.993899405002594 36
1722024842431 0.9940667152404785 37
1722024854688 0.993699848651886 38
1722024866913 0.9940564632415771 39
1722024879855 0.9935489892959595 40
1722024892563 0.9937285780906677 41
1722024904877 0.9954432249069214 42
1722024917034 0.9945777654647827 43
1722024930959 0.9945750832557678 44
