1722024417347 0.000788397912401706 0
1722024426653 0.000423319055698812 1
1722024437816 0.0003115579020231962 2
1722024449096 0.0002799408684950322 3
1722024460815 0.00025113794254139066 4
1722024472450 0.00024487776681780815 5
1722024482814 0.00023190733918454498 6
1722024493154 0.0002244952047476545 7
1722024504772 0.0002137579576810822 8
1722024518623 0.0002082214195979759 9
1722024529925 0.00020325194054748863 10
1722024541091 0.0001992837351281196 11
1722024552614 0.00019311951473355293 12
1722024565382 0.00018900482973549515 13
1722024577018 0.00018752779578790069 14
1722024587043 0.00018579557945486158 15
1722024597465 0.00018343765987083316 16
1722024608043 0.000185794458957389 17
1722024619215 0.000179791240952909 18
1722024630117 0.00018397948588244617 19
1722024642409 0.0001753107935655862 20
1722024652979 0.0001716824626782909 21
1722024664018 0.0001764029439073056 22
1722024675739 0.0001689170312602073 23
1722024688488 0.00017072750779334456 24
1722024699724 0.0001714562822598964 25
1722024710451 0.0001604313583811745 26
1722024721404 0.00016679767577443272 27
1722024732564 0.00016766722546890378 28
1722024744167 0.00015709962463006377 29
1722024755755 0.00016256787057500333 30
1722024767386 0.00016252380737569183 31
1722024780053 0.00015542146866209805 32
1722024791704 0.00015644807717762887 33
1722024804099 0.0001512875605840236 34
1722024816487 0.0001532247697468847 35
1722024829184 0.0001519817451480776 36
1722024842431 0.0001499779464211315 37
1722024854688 0.00014955675578676164 38
1722024866913 0.00015710129810031503 39
1722024879855 0.0001433905417798087 40
1722024892563 0.00014291003753896803 41
1722024904877 0.00014463282423093915 42
1722024917034 0.00014608193305321038 43
1722024930959 0.00014180951984599233 44
