1722024417347 206.0 0
1722024426653 393.0 1
1722024437816 319.0 2
1722024449096 286.0 3
1722024460815 271.0 4
1722024472450 268.0 5
1722024482814 252.0 6
1722024493154 249.0 7
1722024504772 233.0 8
1722024518623 239.0 9
1722024529925 214.0 10
1722024541091 215.0 11
1722024552614 208.0 12
1722024565382 205.0 13
1722024577018 202.0 14
1722024587043 195.0 15
1722024597465 193.0 16
1722024608043 196.0 17
1722024619215 191.0 18
1722024630117 196.0 19
1722024642409 190.0 20
1722024652979 176.0 21
1722024664018 177.0 22
1722024675739 174.0 23
1722024688488 175.0 24
1722024699724 174.0 25
1722024710451 177.0 26
1722024721404 170.0 27
1722024732564 170.0 28
1722024744167 159.0 29
1722024755755 160.0 30
1722024767386 155.0 31
1722024780053 153.0 32
1722024791704 158.0 33
1722024804099 154.0 34
1722024816487 151.0 35
1722024829184 153.0 36
1722024842431 146.0 37
1722024854688 149.0 38
1722024866913 146.0 39
1722024879855 145.0 40
1722024892563 136.0 41
1722024904877 140.0 42
1722024917034 142.0 43
1722024930959 133.0 44
