1722024417347 0.0043676383793354034 0
1722024426653 0.0019508092664182186 1
1722024437816 0.001496230368502438 2
1722024449096 0.001347675104625523 3
1722024460815 0.001226059510372579 4
1722024472450 0.0011678313603624701 5
1722024482814 0.0011201848974451423 6
1722024493154 0.001075337640941143 7
1722024504772 0.0010185317369177938 8
1722024518623 0.0010084238601848483 9
1722024529925 0.0009723445982672274 10
1722024541091 0.0009502688189968467 11
1722024552614 0.0009069533552974463 12
1722024565382 0.0008849807200022042 13
1722024577018 0.0008894912898540497 14
1722024587043 0.0008964866865426302 15
1722024597465 0.0008736989693716168 16
1722024608043 0.0008843555115163326 17
1722024619215 0.0008683950291015208 18
1722024630117 0.00086225476115942 19
1722024642409 0.0008406522683799267 20
1722024652979 0.0008095980156213045 21
1722024664018 0.000848395808134228 22
1722024675739 0.0008074351935647428 23
1722024688488 0.0008222355972975492 24
1722024699724 0.0008158066775649786 25
1722024710451 0.0007756701670587063 26
1722024721404 0.0007939523784443736 27
1722024732564 0.0007950457511469722 28
1722024744167 0.0007870196714065969 29
1722024755755 0.0007895629969425499 30
1722024767386 0.0007808165391907096 31
1722024780053 0.0007498519262298942 32
1722024791704 0.0007738768472336233 33
1722024804099 0.0007372441468760371 34
1722024816487 0.0007469877600669861 35
1722024829184 0.0007356365094892681 36
1722024842431 0.0007432428537867963 37
1722024854688 0.0007424178184010088 38
1722024866913 0.0007604166166856885 39
1722024879855 0.0007165070855990052 40
1722024892563 0.0007126830751076341 41
1722024904877 0.0007034041336737573 42
1722024917034 0.0007159250089898705 43
1722024930959 0.000707334722392261 44
