1722024417347 0.18091630935668945 0
1722024426653 0.7134374976158142 1
1722024437816 0.8073019981384277 2
1722024449096 0.8324837684631348 3
1722024460815 0.8530228734016418 4
1722024472450 0.8567513227462769 5
1722024482814 0.8633579015731812 6
1722024493154 0.8676039576530457 7
1722024504772 0.8756224513053894 8
1722024518623 0.8731479048728943 9
1722024529925 0.8801091313362122 10
1722024541091 0.8830321431159973 11
1722024552614 0.8887292146682739 12
1722024565382 0.8955751061439514 13
1722024577018 0.8877570629119873 14
1722024587043 0.8889693021774292 15
1722024597465 0.8943702578544617 16
1722024608043 0.8913154006004333 17
1722024619215 0.897104799747467 18
1722024630117 0.8920387029647827 19
1722024642409 0.8993597030639648 20
1722024652979 0.9063894152641296 21
1722024664018 0.8977480530738831 22
1722024675739 0.9063176512718201 23
1722024688488 0.9013497829437256 24
1722024699724 0.9015316963195801 25
1722024710451 0.9096369743347168 26
1722024721404 0.9051207900047302 27
1722024732564 0.905772864818573 28
1722024744167 0.905436635017395 29
1722024755755 0.9104138612747192 30
1722024767386 0.9093750715255737 31
1722024780053 0.9114695191383362 32
1722024791704 0.9109600186347961 33
1722024804099 0.9171038866043091 34
1722024816487 0.9157789945602417 35
1722024829184 0.9157878160476685 36
1722024842431 0.9129015803337097 37
1722024854688 0.9137454032897949 38
1722024866913 0.9115391969680786 39
1722024879855 0.9192892909049988 40
1722024892563 0.9182350635528564 41
1722024904877 0.9206031560897827 42
1722024917034 0.919239342212677 43
1722024930959 0.9187959432601929 44
