1722024417347 0.5654008388519287 0
1722024426653 0.8027108311653137 1
1722024437816 0.8596568703651428 2
1722024449096 0.8778299689292908 3
1722024460815 0.8871773481369019 4
1722024472450 0.8893476724624634 5
1722024482814 0.8965092301368713 6
1722024493154 0.8974886536598206 7
1722024504772 0.9047034978866577 8
1722024518623 0.9034733176231384 9
1722024529925 0.9129019379615784 10
1722024541091 0.9128496050834656 11
1722024552614 0.9160274267196655 12
1722024565382 0.9171717166900635 13
1722024577018 0.919135332107544 14
1722024587043 0.9220311641693115 15
1722024597465 0.9233822822570801 16
1722024608043 0.9216939806938171 17
1722024619215 0.9243863821029663 18
1722024630117 0.9218500852584839 19
1722024642409 0.9253144860267639 20
1722024652979 0.9307904243469238 21
1722024664018 0.9299564957618713 22
1722024675739 0.9315230250358582 23
1722024688488 0.9313187003135681 24
1722024699724 0.9313609600067139 25
1722024710451 0.9312354326248169 26
1722024721404 0.9334638118743896 27
1722024732564 0.9330708384513855 28
1722024744167 0.9383481740951538 29
1722024755755 0.9369085431098938 30
1722024767386 0.9389764070510864 31
1722024780053 0.9405131936073303 32
1722024791704 0.938545286655426 33
1722024804099 0.9407464265823364 34
1722024816487 0.9410156011581421 35
1722024829184 0.9401642680168152 36
1722024842431 0.9434546828269958 37
1722024854688 0.9428899884223938 38
1722024866913 0.9427899718284607 39
1722024879855 0.9443591833114624 40
1722024892563 0.9476116895675659 41
1722024904877 0.9459667801856995 42
1722024917034 0.9451525807380676 43
1722024930959 0.948688268661499 44
