1722024417347 0.09244567155838013 0
1722024426653 0.5515695214271545 1
1722024437816 0.6740255355834961 2
1722024449096 0.7088651061058044 3
1722024460815 0.7350810766220093 4
1722024472450 0.7430148124694824 5
1722024482814 0.7530182600021362 6
1722024493154 0.7519834637641907 7
1722024504772 0.76302170753479 8
1722024518623 0.7716453671455383 9
1722024529925 0.773715078830719 10
1722024541091 0.7768195867538452 11
1722024552614 0.7826836705207825 12
1722024565382 0.7830286026000977 13
1722024577018 0.7919972538948059 14
1722024587043 0.7954466938972473 15
1722024597465 0.8023456335067749 16
1722024608043 0.7957916259765625 17
1722024619215 0.8054501414299011 18
1722024630117 0.797516405582428 19
1722024642409 0.8120041489601135 20
1722024652979 0.8164884448051453 21
1722024664018 0.810624361038208 22
1722024675739 0.8164884448051453 23
1722024688488 0.8185580968856812 24
1722024699724 0.8144187927246094 25
1722024710451 0.8268368244171143 26
1722024721404 0.8226974606513977 27
1722024732564 0.8175233006477356 28
1722024744167 0.8347706198692322 29
1722024755755 0.8195929527282715 30
1722024767386 0.8226974606513977 31
1722024780053 0.834425687789917 32
1722024791704 0.8323559761047363 33
1722024804099 0.8433942794799805 34
1722024816487 0.8309761881828308 35
1722024829184 0.8292514681816101 36
1722024842431 0.8402897715568542 37
1722024854688 0.8485684990882874 38
1722024866913 0.8299413323402405 39
1722024879855 0.8489134311676025 40
1722024892563 0.8485684990882874 41
1722024904877 0.8454639315605164 42
1722024917034 0.8440841436386108 43
1722024930959 0.8482235074043274 44
