1722024417347 3300142.0 0
1722024426653 3299955.0 1
1722024437816 3300029.0 2
1722024449096 3300062.0 3
1722024460815 3300077.0 4
1722024472450 3300080.0 5
1722024482814 3300096.0 6
1722024493154 3300099.0 7
1722024504772 3300115.0 8
1722024518623 3300109.0 9
1722024529925 3300134.0 10
1722024541091 3300133.0 11
1722024552614 3300140.0 12
1722024565382 3300143.0 13
1722024577018 3300146.0 14
1722024587043 3300153.0 15
1722024597465 3300155.0 16
1722024608043 3300152.0 17
1722024619215 3300157.0 18
1722024630117 3300152.0 19
1722024642409 3300158.0 20
1722024652979 3300172.0 21
1722024664018 3300171.0 22
1722024675739 3300174.0 23
1722024688488 3300173.0 24
1722024699724 3300174.0 25
1722024710451 3300171.0 26
1722024721404 3300178.0 27
1722024732564 3300178.0 28
1722024744167 3300189.0 29
1722024755755 3300188.0 30
1722024767386 3300193.0 31
1722024780053 3300195.0 32
1722024791704 3300190.0 33
1722024804099 3300194.0 34
1722024816487 3300197.0 35
1722024829184 3300195.0 36
1722024842431 3300202.0 37
1722024854688 3300199.0 38
1722024866913 3300202.0 39
1722024879855 3300203.0 40
1722024892563 3300212.0 41
1722024904877 3300208.0 42
1722024917034 3300206.0 43
1722024930959 3300215.0 44
