1722024417347 268.0 0
1722024426653 1599.0 1
1722024437816 1954.0 2
1722024449096 2055.0 3
1722024460815 2131.0 4
1722024472450 2154.0 5
1722024482814 2183.0 6
1722024493154 2180.0 7
1722024504772 2212.0 8
1722024518623 2237.0 9
1722024529925 2243.0 10
1722024541091 2252.0 11
1722024552614 2269.0 12
1722024565382 2270.0 13
1722024577018 2296.0 14
1722024587043 2306.0 15
1722024597465 2326.0 16
1722024608043 2307.0 17
1722024619215 2335.0 18
1722024630117 2312.0 19
1722024642409 2354.0 20
1722024652979 2367.0 21
1722024664018 2350.0 22
1722024675739 2367.0 23
1722024688488 2373.0 24
1722024699724 2361.0 25
1722024710451 2397.0 26
1722024721404 2385.0 27
1722024732564 2370.0 28
1722024744167 2420.0 29
1722024755755 2376.0 30
1722024767386 2385.0 31
1722024780053 2419.0 32
1722024791704 2413.0 33
1722024804099 2445.0 34
1722024816487 2409.0 35
1722024829184 2404.0 36
1722024842431 2436.0 37
1722024854688 2460.0 38
1722024866913 2406.0 39
1722024879855 2461.0 40
1722024892563 2460.0 41
1722024904877 2451.0 42
1722024917034 2447.0 43
1722024930959 2459.0 44
