1717398910510 0.9990996718406677 0
1717398919149 0.9991889595985413 1
1717398928083 0.9994871616363525 2
1717398936405 0.9996182322502136 3
1717398945043 0.9996764063835144 4
1717398954378 0.9997063279151917 5
1717398963069 0.9997127056121826 6
1717398971132 0.9997281432151794 7
1717398979407 0.9997332692146301 8
1717398987690 0.9997429847717285 9
1717398996010 0.9997508525848389 10
1717399004221 0.9997665882110596 11
1717399013200 0.9997599124908447 12
1717399021559 0.9997656941413879 13
1717399029693 0.9997599124908447 14
1717399038195 0.999756932258606 15
1717399046690 0.9997656941413879 16
1717399055399 0.999774158000946 17
1717399064092 0.9997802376747131 18
1717399074129 0.9997835755348206 19
1717399083138 0.9997811317443848 20
1717399092818 0.9997838735580444 21
1717399101758 0.9997841715812683 22
1717399110692 0.9997904896736145 23
1717399119295 0.9997811317443848 24
1717399127968 0.9997756481170654 25
1717399136784 0.9997865557670593 26
1717399145322 0.999789297580719 27
1717399153829 0.9998010993003845 28
1717399161969 0.9997868537902832 29
1717399170224 0.9997907876968384 30
1717399178554 0.9997962713241577 31
1717399186922 0.9997971653938293 32
1717399195208 0.9998019933700562 33
1717399203605 0.9997941255569458 34
1717399211938 0.9997884035110474 35
1717399220216 0.9997926354408264 36
1717399228489 0.999799907207489 37
1717399236791 0.9997895956039429 38
