1717398910510 0.7614635229110718 0
1717398919149 0.9446945786476135 1
1717398928083 0.9674120545387268 2
1717398936405 0.9731355905532837 3
1717398945043 0.9803285598754883 4
1717398954378 0.9818713068962097 5
1717398963069 0.9830698370933533 6
1717398971132 0.982547402381897 7
1717398979407 0.9834223389625549 8
1717398987690 0.9832701683044434 9
1717398996010 0.9849959015846252 10
1717399004221 0.9844812154769897 11
1717399013200 0.985698401927948 12
1717399021559 0.9858678579330444 13
1717399029693 0.9863815903663635 14
1717399038195 0.9870864748954773 15
1717399046690 0.9867416024208069 16
1717399055399 0.9881141185760498 17
1717399064092 0.9876089096069336 18
1717399074129 0.9883068203926086 19
1717399083138 0.9879523515701294 20
1717399092818 0.9891645908355713 21
1717399101758 0.989166259765625 22
1717399110692 0.9891666769981384 23
1717399119295 0.9886534810066223 24
1717399127968 0.9891747832298279 25
1717399136784 0.9895232319831848 26
1717399145322 0.9902066588401794 27
1717399153829 0.9907292127609253 28
1717399161969 0.9910686612129211 29
1717399170224 0.9909093379974365 30
1717399178554 0.9910726547241211 31
1717399186922 0.9912515878677368 32
1717399195208 0.9907344579696655 33
1717399203605 0.9914178252220154 34
1717399211938 0.9903826713562012 35
1717399220216 0.9912573099136353 36
1717399228489 0.9912593960762024 37
1717399236791 0.9914287328720093 38
