1717398910510 0.005070161074399948 0
1717398919149 0.0029234469402581453 1
1717398928083 0.0017050295136868954 2
1717398936405 0.001318268128670752 3
1717398945043 0.0011746380478143692 4
1717398954378 0.0011075951624661684 5
1717398963069 0.0010841035982593894 6
1717398971132 0.001054706983268261 7
1717398979407 0.001027740421704948 8
1717398987690 0.0009721647365950048 9
1717398996010 0.0009660538635216653 10
1717399004221 0.0009167231037281454 11
1717399013200 0.0008940397528931499 12
1717399021559 0.0008748233667574823 13
1717399029693 0.0008950657793320715 14
1717399038195 0.000891424308065325 15
1717399046690 0.0008600787841714919 16
1717399055399 0.0008419169462285936 17
1717399064092 0.000811988371424377 18
1717399074129 0.0007982189999893308 19
1717399083138 0.0008113727089948952 20
1717399092818 0.0007997170905582607 21
1717399101758 0.0007934473687782884 22
1717399110692 0.0007748339558020234 23
1717399119295 0.0007781085441820323 24
1717399127968 0.0007993316394276917 25
1717399136784 0.0007639685063622892 26
1717399145322 0.0007432916900143027 27
1717399153829 0.0007449587574228644 28
1717399161969 0.0007550494046881795 29
1717399170224 0.0007454928709194064 30
1717399178554 0.0007395910797640681 31
1717399186922 0.0007322464371100068 32
1717399195208 0.0007159999222494662 33
1717399203605 0.0007548466674052179 34
1717399211938 0.0007419485482387245 35
1717399220216 0.0007302568992599845 36
1717399228489 0.000716645095963031 37
1717399236791 0.0007246252498589456 38
