1717398910510 0.0008616778068244457 0
1717398919149 0.0006733046611770988 1
1717398928083 0.0004012367280665785 2
1717398936405 0.0002986942999996245 3
1717398945043 0.00025917886523529887 4
1717398954378 0.000236612293520011 5
1717398963069 0.00023004999093245715 6
1717398971132 0.00022024365898687392 7
1717398979407 0.00021431340428534895 8
1717398987690 0.00020448352734092623 9
1717398996010 0.00019800086738541722 10
1717399004221 0.00018788428860716522 11
1717399013200 0.00018737489881459624 12
1717399021559 0.00018228076805826277 13
1717399029693 0.00018925115000456572 14
1717399038195 0.00018941526650451124 15
1717399046690 0.0001797016302589327 16
1717399055399 0.00017793892766349018 17
1717399064092 0.0001704818132566288 18
1717399074129 0.00016855206922627985 19
1717399083138 0.0001716001715976745 20
1717399092818 0.00017021682288032025 21
1717399101758 0.00016889101243577898 22
1717399110692 0.00016511596913915128 23
1717399119295 0.0001696508697932586 24
1717399127968 0.00017440547526348382 25
1717399136784 0.00016554865578655154 26
1717399145322 0.00016245334700215608 27
1717399153829 0.00015852827345952392 28
1717399161969 0.00016511544527020305 29
1717399170224 0.0001623080752324313 30
1717399178554 0.00016181055980268866 31
1717399186922 0.00015775208885315806 32
1717399195208 0.00015468444325961173 33
1717399203605 0.00016129383584484458 34
1717399211938 0.0001628138415981084 35
1717399220216 0.00016052444698289037 36
1717399228489 0.0001569253217894584 37
1717399236791 0.00016188051085919142 38
