1717398910510 103.0 0
1717398919149 353.0 1
1717398928083 323.0 2
1717398936405 313.0 3
1717398945043 300.0 4
1717398954378 276.0 5
1717398963069 266.0 6
1717398971132 246.0 7
1717398979407 251.0 8
1717398987690 236.0 9
1717398996010 235.0 10
1717399004221 235.0 11
1717399013200 228.0 12
1717399021559 229.0 13
1717399029693 223.0 14
1717399038195 237.0 15
1717399046690 213.0 16
1717399055399 241.0 17
1717399064092 220.0 18
1717399074129 222.0 19
1717399083138 213.0 20
1717399092818 214.0 21
1717399101758 214.0 22
1717399110692 206.0 23
1717399119295 214.0 24
1717399127968 218.0 25
1717399136784 211.0 26
1717399145322 210.0 27
1717399153829 200.0 28
1717399161969 217.0 29
1717399170224 210.0 30
1717399178554 208.0 31
1717399186922 201.0 32
1717399195208 204.0 33
1717399203605 206.0 34
1717399211938 213.0 35
1717399220216 205.0 36
1717399228489 203.0 37
1717399236791 215.0 38
