1717398910510 0.009658503346145153 0
1717398919149 0.1976543664932251 1
1717398928083 0.5270783305168152 2
1717398936405 0.6729906797409058 3
1717398945043 0.7347361445426941 4
1717398954378 0.760607123374939 5
1717398963069 0.7644014954566956 6
1717398971132 0.7750948667526245 7
1717398979407 0.7826836705207825 8
1717398987690 0.7885477542877197 9
1717398996010 0.797171413898468 10
1717399004221 0.8151086568832397 11
1717399013200 0.8051052093505859 12
1717399021559 0.8120041489601135 13
1717399029693 0.8033804893493652 14
1717399038195 0.8047602772712708 15
1717399046690 0.8064849972724915 16
1717399055399 0.8258020281791687 17
1717399064092 0.8254570364952087 18
1717399074129 0.8299413323402405 19
1717399083138 0.8240772485733032 20
1717399092818 0.8275267481803894 21
1717399101758 0.8278716802597046 22
1717399110692 0.8323559761047363 23
1717399119295 0.8244222402572632 24
1717399127968 0.8195929527282715 25
1717399136784 0.8295964002609253 26
1717399145322 0.8323559761047363 27
1717399153829 0.8423594236373901 28
1717399161969 0.8320110440254211 29
1717399170224 0.834080696105957 30
1717399178554 0.8395998477935791 31
1717399186922 0.8382200598716736 32
1717399195208 0.844774067401886 33
1717399203605 0.8364953398704529 34
1717399211938 0.8323559761047363 35
1717399220216 0.834425687789917 36
1717399228489 0.842014491558075 37
1717399236791 0.834425687789917 38
