1717398910510 3300245.0 0
1717398919149 3299995.0 1
1717398928083 3300025.0 2
1717398936405 3300035.0 3
1717398945043 3300048.0 4
1717398954378 3300072.0 5
1717398963069 3300082.0 6
1717398971132 3300102.0 7
1717398979407 3300097.0 8
1717398987690 3300112.0 9
1717398996010 3300113.0 10
1717399004221 3300113.0 11
1717399013200 3300120.0 12
1717399021559 3300119.0 13
1717399029693 3300125.0 14
1717399038195 3300111.0 15
1717399046690 3300135.0 16
1717399055399 3300107.0 17
1717399064092 3300128.0 18
1717399074129 3300126.0 19
1717399083138 3300135.0 20
1717399092818 3300134.0 21
1717399101758 3300134.0 22
1717399110692 3300142.0 23
1717399119295 3300134.0 24
1717399127968 3300130.0 25
1717399136784 3300137.0 26
1717399145322 3300138.0 27
1717399153829 3300148.0 28
1717399161969 3300131.0 29
1717399170224 3300138.0 30
1717399178554 3300140.0 31
1717399186922 3300147.0 32
1717399195208 3300144.0 33
1717399203605 3300142.0 34
1717399211938 3300135.0 35
1717399220216 3300143.0 36
1717399228489 3300145.0 37
1717399236791 3300133.0 38
