1717398910510 28.0 0
1717398919149 573.0 1
1717398928083 1528.0 2
1717398936405 1951.0 3
1717398945043 2130.0 4
1717398954378 2205.0 5
1717398963069 2216.0 6
1717398971132 2247.0 7
1717398979407 2269.0 8
1717398987690 2286.0 9
1717398996010 2311.0 10
1717399004221 2363.0 11
1717399013200 2334.0 12
1717399021559 2354.0 13
1717399029693 2329.0 14
1717399038195 2333.0 15
1717399046690 2338.0 16
1717399055399 2394.0 17
1717399064092 2393.0 18
1717399074129 2406.0 19
1717399083138 2389.0 20
1717399092818 2399.0 21
1717399101758 2400.0 22
1717399110692 2413.0 23
1717399119295 2390.0 24
1717399127968 2376.0 25
1717399136784 2405.0 26
1717399145322 2413.0 27
1717399153829 2442.0 28
1717399161969 2412.0 29
1717399170224 2418.0 30
1717399178554 2434.0 31
1717399186922 2430.0 32
1717399195208 2449.0 33
1717399203605 2425.0 34
1717399211938 2413.0 35
1717399220216 2419.0 36
1717399228489 2441.0 37
1717399236791 2419.0 38
